0 0.42176562500000003 0.8704583328125001 0.41373437500000004 0.8463958328125001 0.41775 0.8330208328125 0.43178124999999995 0.825 0.43579687500000003 0.8062916671875 0.41775 0.8143125 0.3936875 0.8062916671875 0.38365625 0.776875 0.369625 0.7715208328125 0.363609375 0.7822291671875 0.373625 0.825 0.38365625 0.8517291671875 0.377640625 0.8677708328125 0.379640625 0.8677708328125 0.40170312499999994 0.8704583328125001 0.42176562500000003 0.8704583328125001
0 0.09815625 0.8296875 0.104546875 0.8387916671875001 0.106671875 0.8387916671875001 0.104125 0.8518541671875001 0.099859375 0.8723124999999999 0.11264062500000001 0.8779999999999999 0.148015625 0.8774374999999999 0.14290624999999998 0.8461666671874999 0.145890625 0.8262916671875 0.14759375 0.8012708328124999 0.151 0.7825208328125 0.125 0.7836458328125 0.10753125 0.7865 0.104125 0.8046875 0.10753125 0.8092291671874999 0.10753125 0.8279791671875 0.09815625 0.8296875
0 0.049625 0.8605416671875 0.066984375 0.8444166671875 0.070671875 0.8310833328125 0.05646875 0.8289791671875 0.038578125000000005 0.826875 0.0280625 0.8282708328125 0.024375 0.8065416671875001 0.02121875 0.7841041671875 0.0017656249999999998 0.7826875 0.004921875 0.848625 0.00228125 0.8850833328125001 0.006500000000000001 0.8822708328125 0.04278125 0.884375 0.049625 0.8605416671875
1 0.0427421875 0.8156874999999999 0.049921875 0.8353541671875 0.0475234375 0.8454479171875 0.0451328125 0.8438541671875001 0.04034375 0.8523541671875 0.045140625000000004 0.8640416671875 0.049125 0.8651249999999999 0.05111718750000001 0.8550104171875 0.05390625 0.8555520828125 0.05709375 0.8459791671874999 0.058687500000000004 0.8459791671874999 0.0523125 0.8332291671875 0.0590859375 0.8140833328125 0.070640625 0.8162083328125 0.08021875 0.8236666671874999 0.091375 0.7960208328125 0.08499999999999999 0.7938958328125 0.035562500000000004 0.7960208328125 0.03915234375 0.8058541671875 0.04353125 0.8119583328125 0.0427421875 0.8156874999999999
0 0.4648125 0.8537708328125 0.475890625 0.8272083328125 0.48253124999999997 0.8085000000000001 0.4880625 0.778 0.47071874999999996 0.778 0.462234375 0.8237500000000001 0.42457812500000003 0.8208125000000001 0.42642187500000006 0.8257291671875 0.434546875 0.8473750000000001 0.42790625000000004 0.8675625 0.429375 0.8675625 0.47440625000000003 0.8665625 0.4648125 0.8537708328125
0 0.539171875 0.8638958328124999 0.53275 0.8460833328125 0.542640625 0.8176875000000001 0.5213593750000001 0.8110833328125 0.52284375 0.7794166671875 0.5213593750000001 0.7780833328125001 0.52184375 0.7668541671875 0.4871875 0.7714791671875 0.49214062500000005 0.8638958328124999 0.511953125 0.8638958328124999 0.539171875 0.8638958328124999
0 0.6640312500000001 0.8139375 0.670640625 0.8095416671875 0.653453125 0.8077708328125001 0.6495 0.7619791671875 0.617453125 0.762875 0.622453125 0.8096041671875 0.63046875 0.8336458328124999 0.62746875 0.8590208328125 0.66953125 0.8563541671875001 0.666015625 0.8500624999999999 0.6600625 0.8262708328124999 0.6640312500000001 0.8139375
0 0.746984375 0.8557499999999999 0.738859375 0.8345 0.746046875 0.8119999999999999 0.732609375 0.8040833328125 0.7272968750000001 0.7628333328125 0.695421875 0.76075 0.699171875 0.79825 0.710421875 0.8320000000000001 0.704796875 0.8524166671875 0.746984375 0.8557499999999999
0 0.56471875 0.8609791671875 0.574046875 0.8508125 0.57575 0.862125 0.579140625 0.862125 0.57659375 0.8361041671875 0.579984375 0.8168958328124999 0.6011875 0.8180208328124999 0.5994843750000001 0.8587291671875 0.6088125 0.8587291671875 0.607125 0.8338541671874999 0.6113593749999999 0.8067083328125 0.60203125 0.8067083328125 0.6003437500000001 0.76375 0.5621875000000001 0.7660208328125 0.565578125 0.8168958328124999 0.5698125 0.8417708328125 0.56471875 0.8609791671875
0 0.0738125 0.7969375000000001 0.075765625 0.8209791671875 0.075265625 0.8303958328125001 0.081109375 0.8316874999999999 0.077703125 0.836875 0.0833125 0.858625 0.0781875 0.8768125 0.08696875 0.8777916671874999 0.09914062500000001 0.87325 0.1064375 0.8401249999999999 0.1045 0.8398125000000001 0.097921875 0.8294166671875001 0.107171875 0.8271458328125 0.10765625000000001 0.8112291671875 0.103515625 0.8044166671875 0.1066875 0.7872083328125 0.13760937499999998 0.7829791671875 0.13639062500000002 0.7774583328125 0.07162500000000001 0.7797291671875 0.07284375 0.790125 0.09037500000000001 0.7943541671875 0.09134375 0.7966249999999999 0.0738125 0.7969375000000001
0 0.9160937499999999 0.8349166671875 0.9235312499999999 0.8541458328125 0.92396875 0.8483124999999999 0.91871875 0.83375 0.9222187500000001 0.8174374999999999 0.9309531249999999 0.8244166671875 0.92615625 0.8488958328124999 0.92703125 0.8518125 0.931390625 0.8331666671875 0.931390625 0.8401666671875001 0.92703125 0.8553124999999999 0.934015625 0.8436458328124999 0.938390625 0.8518125 0.9348906250000001 0.83725 0.9436249999999999 0.8541458328125 0.938390625 0.8360833328125 0.9493124999999999 0.8133541671875 0.939703125 0.8069375000000001 0.930515625 0.802875 0.92703125 0.8040416671875 0.92571875 0.8017083328125001 0.91915625 0.7684791671875 0.895125 0.7661458328124999 0.913046875 0.8325833328125001 0.9077968750000001 0.8488958328124999 0.909546875 0.8535625 0.9160937499999999 0.8349166671875
0 0.953296875 0.8147500000000001 0.963265625 0.8514375 0.9664375 0.8485208328124999 0.956453125 0.818 0.974234375 0.8160416671874999 0.98153125 0.8514375 0.983484375 0.8481875000000001 0.9766718750000001 0.8183125 0.9766718750000001 0.8150833328125 0.9520781250000001 0.8046875 0.94865625 0.7757916671875 0.949390625 0.8020833328125001 0.941359375 0.8069583328125001 0.948421875 0.8141041671875 0.95571875 0.8511041671875 0.957671875 0.8501458328125 0.9498749999999999 0.8121458328125 0.953296875 0.8147500000000001
1 0.45918749999999997 0.712125 0.46051562500000004 0.7068333328125 0.43253125 0.7012083328125 0.40192187500000004 0.7054375 0.3998125 0.7089583328125 0.40456250000000005 0.7107083328125 0.45918749999999997 0.712125
1 0.15267187499999998 0.7122916671875 0.155984375 0.7078541671874999 0.14454687500000002 0.7058958328125 0.11945312500000001 0.7053958328125 0.11834375 0.7137708328125 0.13828125 0.7132708328125 0.15267187499999998 0.7122916671875
1 0.37459375 0.7083958328125 0.37640625 0.7136250000000001 0.4229375 0.7116458328124999 0.42240625 0.7086875 0.37459375 0.7083958328125