1 0.8066093750000001 0.8891458328124999 0.8349062500000001 0.8844375 0.86675 0.8867916671874999 0.886203125 0.9080208328125 0.9198124999999999 0.9056666671875 0.94103125 0.9174583328124999 0.9728749999999999 0.9363125 0.9976406250000001 0.9764166671875 1 0.7617916671875 0.976421875 0.7594375 0.9463437499999999 0.7429166671874999 0.9516562499999999 0.6532916671875 0.9976406250000001 0.6556666671875 1 0.5896250000000001 0.98703125 0.5731041671875 0.94103125 0.6037708328125 0.9428124999999999 0.6556666671875 0.94103125 0.7382083328125 0.9145 0.8632083328125001 0.81190625 0.8278333328124999 0.79421875 0.7971666671875 0.81721875 0.6603749999999999 0.77121875 0.6886875 0.75884375 0.7051875 0.72878125 0.6981041671875 0.7446875000000001 0.7217083328125 0.7323125 0.7476458328125 0.801296875 0.82075 0.7093125 0.9245208328125001 0.67925 0.8679166671875 0.6916249999999999 0.9268958328125001 0.672171875 0.9669791671875 0.6385625 0.9858541671875001 0.604953125 0.9882083328125001 0.5554218750000001 0.9622708328125 0.53065625 0.9386875 0.48290625 0.8962291671875 0.44221875 0.8962291671875 0.373234375 0.9080208328125 0.288328125 0.8938750000000001 0.252953125 0.8962291671875 0.23348437500000002 0.9103749999999999 0.252953125 1 0.8313750000000001 0.9976458328125 0.813671875 0.9528333328124999 0.8066093750000001 0.8891458328124999
0 0.879484375 0.10193749999999999 0.875390625 0.1496875 0.8764062499999999 0.1551458328125 0.8651562500000001 0.172875 0.84571875 0.22608333281249998 0.8518593750000001 0.238375 0.8518593750000001 0.24656250000000002 0.8498125 0.253375 0.8498125 0.2724791671875 0.852875 0.2820208328125 0.866171875 0.30793750000000003 0.867203125 0.34341666718749997 0.867203125 0.3516041671875 0.8764062499999999 0.3366041671875 0.879484375 0.2124375 0.8825468750000001 0.1824375 0.891765625 0.1715208328125 0.938828125 0.1715208328125 0.981796875 0.1701458328125 0.995109375 0.1769791671875 0.991015625 0.253375 0.9971406249999999 0.2492916671875 1 0.142875 0.9715624999999999 0.1305833328125 0.9582656249999999 0.1183125 0.955203125 0.095125 0.9531562499999999 0.0037083328125000004 0.8651562500000001 0.0037083328125000004 0.86209375 0.0350833328125 0.879484375 0.0855625 0.879484375 0.10193749999999999
0 0.750140625 0.2392708328125 0.758265625 0.23566666718749998 0.75646875 0.2224166671875 0.751953125 0.197125 0.751953125 0.1730416671875 0.74653125 0.1670208328125 0.7384062499999999 0.1429375 0.7375 0.1296875 0.748328125 0.12127083281249999 0.759171875 0.06587499999999999 0.714921875 0.0839375 0.701375 0.236875 0.7402031250000001 0.2477083328125 0.7438125 0.2428958328125 0.750140625 0.2392708328125
0 0.6751933593749999 0.3481067703125 0.6801107953125001 0.3485265140625 0.7570326703125 0.2947035984375 0.83990625 0.2564375 0.847703125 0.2506666671875 0.8554999999999999 0.2402708328125 0.847703125 0.2241041671875 0.8199687499999999 0.2506666671875 0.7640255687499999 0.28981060625 0.716421875 0.2394166671875 0.7095625 0.2462708328125 0.704421875 0.2394166671875 0.702703125 0.253125 0.698703125 0.26227083281249997 0.69184375 0.24474999999999997 0.67885369375 0.293945075 0.663265625 0.3529791671875 0.666125 0.3583125 0.67240625 0.3590625 0.6751933593749999 0.3481067703125
0 0.89365625 0.20895833281249998 0.9082812499999999 0.2106458328125 0.99025 0.2055625 0.9965937500000001 0.1937083328125 0.9965937500000001 0.1818541671875 0.981984375 0.1691458328125 0.89746875 0.173375 0.8803124999999999 0.18014583281250002 0.879046875 0.1869375 0.884125 0.20641666718749999 0.89365625 0.20895833281249998
0 0.992546875 0.2046875 0.882421875 0.1953541671875 0.8771875 0.2046875 0.8776093749999999 0.2507291671875 0.9934218749999999 0.24431250000000002 0.992546875 0.2046875
0 0.96715625 0.2764166671875 0.9755312500000001 0.2674791671875 0.9872500000000001 0.2585625 0.9833437500000001 0.2466458328125 0.880109375 0.2541041671875 0.8784375000000001 0.2734375 0.892390625 0.282375 0.96715625 0.2764166671875
0 0.9534062499999999 0.3017291671875 0.9720000000000001 0.2800416671875 0.9537968749999999 0.2800416671875 0.9146875 0.2810625 0.881 0.282625 0.87596875 0.31102083281250004 0.9348281249999999 0.3166875 0.9534062499999999 0.3017291671875
0 0.926734375 0.34129166718750004 0.936515625 0.3193125 0.8814375 0.3193125 0.8773125 0.329625 0.87165625 0.3453958328125 0.926734375 0.34129166718750004
0 0.6525937500000001 0.4771875 0.6716249999999999 0.533875 0.681125 0.5271458328125 0.681125 0.46525 0.678890625 0.46375 0.6525937500000001 0.4771875
0 0.9195156250000001 0.3976666671875 0.9205937499999999 0.3644583328125 0.86971875 0.4121041671875 0.885953125 0.4106458328125 0.9065312499999999 0.40054166718750006 0.9195156250000001 0.3976666671875
0 0.8241406250000001 0.2631458328125 0.83040625 0.2685625 0.8507187500000001 0.2769375 0.8455468749999999 0.25233333281250003 0.840015625 0.25725 0.8300468750000001 0.2542916671875 0.8411093749999999 0.25529166718749996 0.8267187500000001 0.25233333281250003 0.8241406250000001 0.2631458328125
0 0.999125 0.061916667187499996 0.999859375 0.0437083328125 0.9950625000000001 0.0688125 0.986578125 0.096875 0.978453125 0.12393749999999999 0.98325 0.1327916671875 0.988046875 0.13574999999999998 0.9980156250000001 0.1391875 1 0.1318125 0.9983906250000001 0.1096666671875 0.999125 0.061916667187499996