1 0.8703749999999999 0.6661041671875 0.866046875 0.659875 0.8597187500000001 0.6567708328124999 0.8573906250000001 0.6532291671875 0.84375 0.6554375 0.8350937500000001 0.6576666671875 0.83009375 0.6576666671875 0.83009375 0.655 0.828765625 0.6661041671875 0.844734375 0.6709791671875001 0.867046875 0.6683125000000001 0.8703749999999999 0.6661041671875
0 0.697078125 0.7015416671875 0.691796875 0.719625 0.6933125 0.719625 0.69784375 0.7075625 0.70425 0.7271666671875 0.707265625 0.7246666671875001 0.701984375 0.7030416671874999 0.702359375 0.7010208328124999 0.71028125 0.7010208328124999 0.72196875 0.7246666671875001 0.724984375 0.7241666671875 0.717453125 0.7010208328124999 0.717453125 0.6955 0.718953125 0.6914791671875 0.7223437500000001 0.6874583328125 0.7223437500000001 0.6869583328125 0.723484375 0.6809166671875 0.72575 0.6743750000000001 0.7283906250000001 0.6698541671875 0.73103125 0.6658333328125 0.73290625 0.6623125 0.73290625 0.6592916671875 0.729140625 0.6567916671875 0.724234375 0.6557708328125 0.7148125000000001 0.6557708328125 0.70915625 0.6557708328125 0.705765625 0.6557708328125 0.705375 0.6608125 0.705765625 0.6693541671875 0.705765625 0.6794166671874999 0.6929375 0.6799166671875 0.6929375 0.6869583328125 0.697078125 0.7015416671875
0 0.716609375 0.6785625 0.7260625 0.6967291671875 0.723421875 0.7049166671875 0.723859375 0.7087291671875 0.72628125 0.7096041671875 0.72803125 0.7066666671874999 0.72978125 0.702 0.734390625 0.7113541671875 0.73878125 0.7107708328125 0.7311093750000001 0.6964375 0.733515625 0.6923333328125 0.7440625 0.7090208328125 0.74471875 0.7090208328125 0.7445 0.70375 0.73571875 0.6893958328124999 0.7405468749999999 0.6756458328125 0.747578125 0.6516458328125 0.7359375 0.6428541671875 0.732421875 0.6437291671875001 0.731546875 0.6487083328125001 0.7264999999999999 0.6648125 0.71178125 0.6656875 0.713328125 0.6677291671875001 0.713546875 0.6700833328125 0.716609375 0.6785625
1 0.349984375 0.5902083328125001 0.376125 0.5902083328125001 0.37659375 0.5850416671875001 0.34950000000000003 0.5843958328125 0.349984375 0.5902083328125001
1 0.299421875 0.6298541671875 0.3010625 0.6276666671875 0.2945 0.6090625000000001 0.30089062499999997 0.6083958328125 0.309921875 0.60775 0.318625 0.6055625 0.318625 0.603375 0.317140625 0.6016250000000001 0.31042187499999996 0.6011875 0.3031875 0.6005208328125 0.2984375 0.60075 0.29253125 0.6027083328125 0.290875 0.6044583328125 0.290875 0.6064375 0.29367187499999997 0.6092708328125 0.285953125 0.6263541671875 0.286609375 0.6267916671875 0.293515625 0.6123333328125 0.299421875 0.6298541671875
1 0.156671875 0.6090625000000001 0.166671875 0.6086666671875001 0.1684375 0.6094583328125001 0.168140625 0.6145416671875 0.168140625 0.6188541671875 0.17078125 0.6165 0.17254687500000002 0.6035625 0.171078125 0.596125 0.14756249999999999 0.5949583328125 0.14168750000000002 0.6043541671875 0.14315625 0.6082708328125 0.15109375 0.6090625000000001 0.156671875 0.6090625000000001
1 0.2574375 0.5811041671875 0.267140625 0.5791458328125 0.270671875 0.5779791671875001 0.270375 0.572875 0.26360937500000003 0.5721041671875 0.248328125 0.5721041671875 0.236578125 0.5760208328124999 0.236 0.5764166671875001 0.233640625 0.5775833328125 0.22864062500000001 0.5779791671875001 0.224828125 0.5779791671875001 0.22423437499999999 0.5811041671875 0.22542187500000002 0.5826666671875 0.22776562500000003 0.5830625 0.236 0.5830625 0.23570312499999999 0.5799375 0.249796875 0.5799375 0.2574375 0.5811041671875
1 0.32490625 0.641875 0.317734375 0.63125 0.327296875 0.6163541671874999 0.332875 0.6089166671874999 0.32171875 0.6036041671875 0.304171875 0.6067916671875 0.297796875 0.6131666671875 0.303375 0.6195416671875 0.312953125 0.6355000000000001 0.312953125 0.64825 0.31853125000000004 0.64825 0.32490625 0.641875
0 0.74209375 0.6292083328125 0.73196875 0.6298541671875 0.7306874999999999 0.6305 0.734859375 0.6446458328125 0.729875 0.6570625 0.7324531249999999 0.6572708328125 0.735671875 0.6474166671875 0.739359375 0.6594166671874999 0.737265625 0.644 0.741125 0.6360625 0.7453125 0.6360625 0.74690625 0.6442083328125 0.7419374999999999 0.6600625 0.744828125 0.661125 0.749328125 0.6474166671875 0.752703125 0.6613541671875 0.7571875 0.662 0.75028125 0.6448541671875 0.755109375 0.6341458328125 0.757671875 0.6270833328125 0.758640625 0.6167916671875 0.7605625 0.6082291671875 0.7501249999999999 0.6080208328125 0.746265625 0.6084375 0.74321875 0.6178541671875 0.74209375 0.6292083328125
0 0.657546875 0.6934791671875 0.65384375 0.7136666671875 0.661609375 0.6910208328125 0.667140625 0.700375 0.6601250000000001 0.7195625 0.675265625 0.6885625 0.6800625 0.6826666671875 0.672671875 0.6747916671875 0.6560625 0.6777291671875 0.6567968750000001 0.6821666671875 0.65790625 0.6866041671875001 0.657546875 0.6934791671875
0 0.59746875 0.6877500000000001 0.611234375 0.6926875 0.630015625 0.6870416671874999 0.620234375 0.6708125 0.626578125 0.6584583328125 0.629484375 0.6521041671875001 0.61784375 0.65 0.61625 0.6507083328125 0.611765625 0.6323541671874999 0.59403125 0.6270625 0.594828125 0.6291875 0.6035625 0.6655208328125 0.59746875 0.6877500000000001
0 0.61984375 0.6334166671875 0.619421875 0.6383333328125 0.626 0.6405416671874999 0.624984375 0.6457499999999999 0.62765625 0.6484791671875 0.626421875 0.6512291671875 0.627859375 0.6550625 0.6315625 0.6583541671875001 0.629921875 0.6597291671875001 0.624765625 0.6756458328125 0.626421875 0.6769999999999999 0.630328125 0.6638541671875 0.63484375 0.6717916671874999 0.636296875 0.6696041671875 0.6379374999999999 0.6715208328125 0.643078125 0.6622083328125 0.6424531250000001 0.6517708328125 0.643484375 0.6509583328125 0.63978125 0.6446458328125 0.63978125 0.6391666671875 0.642875 0.6377916671875 0.6436875 0.6350625 0.6355703125 0.6358854171874999 0.631359375 0.6405416671874999 0.631359375 0.6355416671875 0.62909375 0.6361041671875001 0.62971875 0.6308958328125 0.627859375 0.6311666671875 0.62765625 0.621625 0.624765625 0.6172291671875 0.62559375 0.607625 0.620046875 0.6081875 0.6132500000000001 0.6125625 0.617375 0.6207916671875 0.61571875 0.6240833328125001 0.61984375 0.6334166671875
0 0.552640625 0.654375 0.552640625 0.6497499999999999 0.5533750000000001 0.6424791671875 0.5542812500000001 0.6315625 0.534078125 0.6344791671875 0.53353125 0.6429583328125 0.53334375 0.6514583328125 0.5318906250000001 0.6558333328125 0.5267968749999999 0.6572916671875 0.526984375 0.6730625 0.528625 0.6820416671875 0.53225 0.6798541671875 0.5371718750000001 0.6669791671875 0.5408125 0.6604375 0.544265625 0.6691666671875 0.5428124999999999 0.678875 0.543359375 0.6813125 0.544453125 0.6808125 0.5469999999999999 0.6781458328125 0.551546875 0.6732916671875 0.555546875 0.6633541671875001 0.552640625 0.654375
0 0.47465624999999995 0.6552916671875 0.479671875 0.646 0.47856249999999995 0.6430208328125 0.48609375000000005 0.6173333328124999 0.48470312499999996 0.6165833328125 0.47437500000000005 0.6217916671875 0.47325 0.6400416671875 0.46265625000000005 0.6389166671875001 0.4534375 0.6445000000000001 0.459296875 0.6597708328125 0.452625 0.6753125 0.470109375 0.6805833328124999 0.469625 0.6802291671875 0.48190625000000004 0.6742708328125 0.47465624999999995 0.6552916671875
0 0.329765625 0.6578333328125 0.33221875 0.6578333328125 0.3430625 0.6486458328125 0.34846875 0.6585 0.354390625 0.655875 0.353890625 0.6512708328125 0.34453125 0.6394583328125 0.34748437499999996 0.63025 0.356359375 0.6039791671875 0.34946875 0.6046458328125001 0.34846875 0.6085833328125 0.34059375 0.6263124999999999 0.333203125 0.6282916671875001 0.331734375 0.6309166671875001 0.335171875 0.6355000000000001 0.329265625 0.6479791671874999 0.331734375 0.6492916671875 0.33271875 0.6519375000000001 0.329765625 0.6578333328125
0 0.547671875 0.6250416671875 0.5584687500000001 0.6265625 0.55765625 0.6366458328125 0.554921875 0.6411666671875 0.5539531249999999 0.6461041671875 0.559265625 0.6441666671874999 0.565546875 0.6134583328125001 0.54509375 0.6125833328125 0.54396875 0.6319166671875001 0.5447656249999999 0.633 0.546859375 0.633 0.547671875 0.6250416671875
0 0.5794374999999999 0.6234166671875 0.5741562499999999 0.6366666671875 0.577046875 0.6360208328125 0.58696875 0.6249166671874999 0.588578125 0.6308958328125 0.590171875 0.6313333328125 0.588578125 0.6214999999999999 0.590015625 0.6197916671875 0.58809375 0.6180833328124999 0.58921875 0.6172291671875 0.58809375 0.613375 0.5895312500000001 0.6101666671875 0.5865 0.6054791671875 0.591140625 0.5952291671875 0.5709531250000001 0.5960833328125 0.5744687500000001 0.6048333328125 0.5741562499999999 0.606125 0.57175 0.6052708328125 0.57271875 0.6159375 0.56790625 0.6210625000000001 0.56775 0.623 0.5714375 0.6210625000000001 0.572546875 0.6232083328125 0.5794374999999999 0.6234166671875
0 0.8731875 0.6893125 0.874625 0.6969583328125 0.8688750000000001 0.7065416671875 0.8688750000000001 0.7122916671875 0.87678125 0.7036666671875 0.87965625 0.7113333328125 0.8739062499999999 0.7228125000000001 0.8760625 0.7295208328125 0.886109375 0.71325 0.8954531250000001 0.7276041671875 0.888984375 0.704625 0.9040625 0.6586666671875 0.892578125 0.6471875 0.892578125 0.671125 0.888984375 0.6883541671875 0.8731875 0.6893125
0 0.71253125 0.6494375 0.71171875 0.6550208328125 0.722671875 0.6554583328125 0.7239687499999999 0.6500833328125 0.7252500000000001 0.6288125 0.702546875 0.6273125 0.70221875 0.6367708328125 0.697875 0.6475 0.7009218749999999 0.6466458328125 0.70946875 0.6479375 0.71253125 0.6494375
1 0.710234375 0.6562916671875 0.711421875 0.6547291671875 0.712375 0.6544166671875 0.712609375 0.65125 0.710484375 0.6490416671875 0.7045625 0.6481041671875001 0.690390625 0.6468333328125 0.6788125 0.6477916671874999 0.67478125 0.6509375000000001 0.67384375 0.6544166671875 0.674546875 0.6562916671875 0.67715625 0.657875 0.683296875 0.6594583328125 0.6908593749999999 0.659125 0.690625 0.659125 0.707875 0.6575624999999999 0.710234375 0.6562916671875
1 0.83534375 0.6396666671875 0.83534375 0.6369583328124999 0.834609375 0.6355000000000001 0.8303750000000001 0.6330416671875 0.822453125 0.6313125 0.815453125 0.6313125 0.803671875 0.6313125 0.7990625 0.6325416671874999 0.796859375 0.6335208328124999 0.796859375 0.6369583328124999 0.7985156250000001 0.6391666671875 0.8047812499999999 0.6411458328124999 0.8139843750000001 0.642125 0.8261406250000001 0.642375 0.8305624999999999 0.6411458328124999 0.8342499999999999 0.6403958328125 0.83534375 0.6396666671875
1 0.581421875 0.6074166671875 0.5759531250000001 0.6056874999999999 0.570328125 0.6059166671875 0.564546875 0.6059166671875 0.5566718749999999 0.607625 0.5549062499999999 0.6095416671875 0.55603125 0.6118958328125 0.561984375 0.6129791671875 0.56471875 0.6136250000000001 0.567765625 0.6136250000000001 0.577078125 0.6140416671875 0.582390625 0.612125 0.5833437499999999 0.6097708328125 0.581421875 0.6074166671875
1 0.6557031249999999 0.6302083328125 0.6578125 0.6270416671875 0.648296875 0.6235 0.6374375 0.6231458328125 0.6324062500000001 0.6231458328125 0.6281718749999999 0.6242083328125 0.6260625 0.6249166671874999 0.6239375 0.625625 0.624203125 0.6273958328125 0.624203125 0.6291458328124999 0.63109375 0.631625 0.640609375 0.631625 0.65146875 0.6319791671874999 0.6557031249999999 0.6302083328125
1 0.506328125 0.6334791671875 0.5148125 0.6492291671875 0.5052187499999999 0.6630208328125 0.5066875 0.6649791671874999 0.518140625 0.6516875 0.5214531250000001 0.6546458328125 0.52846875 0.6645 0.53253125 0.6635 0.5221875 0.6497291671875 0.5328906250000001 0.6354583328125 0.535484375 0.6300416671875 0.531046875 0.625625 0.505578125 0.6280833328125001 0.505578125 0.6275833328125 0.503 0.6305416671875 0.506328125 0.6334791671875
1 0.408421875 0.6259583328125 0.41 0.6294791671875 0.417390625 0.630875 0.42610937499999996 0.6301666671875 0.43428125 0.6266458328125 0.434546875 0.6206666671875001 0.4300625 0.6189166671875 0.42346874999999995 0.6185625 0.41421875 0.6199791671875 0.40946875 0.6217291671875 0.40895312500000003 0.6224375 0.408421875 0.6259583328125
0 0.820875 0.6858333328125 0.83375 0.6858333328125 0.8367968749999999 0.67725 0.8198593750000001 0.6758958328125 0.811734375 0.6447291671875 0.7988593749999999 0.6497083328125 0.7988593749999999 0.6582916671875 0.81478125 0.6989375 0.80665625 0.7151875000000001 0.8168124999999999 0.6962291671874999 0.8191875 0.6858333328125 0.820875 0.6858333328125
1 0.8526093749999999 0.6171875 0.8436718750000001 0.6149583328125 0.8447968749999999 0.6208958328125 0.84534375 0.623875 0.84590625 0.623125 0.854828125 0.623125 0.8581875 0.6201666671875 0.8592968750000001 0.6201666671875 0.8526093749999999 0.6171875
1 0.6984375 0.61875 0.725 0.61875 0.73125 0.6125 0.73125 0.6041666671875 0.728125 0.6 0.6953125 0.6 0.6921875 0.6041666671875 0.6921875 0.6125 0.69375 0.6166666671875001 0.6984375 0.61875
0 0.10625 0.64375 0.1203125 0.6666666671875 0.1296875 0.6666666671875 0.134375 0.6583333328125 0.134375 0.625 0.1296875 0.6020833328124999 0.1390625 0.5895833328125 0.14375 0.5958333328125 0.16875 0.59375 0.1734375 0.5854166671875001 0.25625 0.5833333328125 0.25625 0.6208333328125 0.2609375 0.6270833328125 0.271875 0.6291666671875 0.2734375 0.6458333328125 0.278125 0.6520833328125 0.290625 0.6520833328125 0.2953125 0.64375 0.2953125 0.6354166671875 0.290625 0.6166666671875001 0.3015625 0.6041666671875 0.30625 0.6104166671875 0.325 0.6104166671875 0.328125 0.60625 0.3296875 0.5898284312500001 0.43125 0.6089460796874999 0.434375 0.6166666671875001 0.434375 0.6291666671875 0.4390625 0.6354166671875 0.45625 0.6354166671875 0.4625 0.6291666671875 0.4640625 0.6166666671875001 0.4625 0.6105525359375 0.6421875 0.6115942015625 0.79375 0.63125 0.7984375 0.6375 0.8328125 0.6375 0.8375 0.6291666671875 0.88046875 0.6239583328125 0.8796875 0.6375 0.884375 0.64375 0.89375 0.64375 0.8984375 0.6354166671875 0.89921875 0.6239583328125 0.959375 0.6354166671875 0.959375 0.6458333328125 0.9609375 0.6541666671875 0.965625 0.6604166671875 0.9703125 0.6604166671875 0.9703125 0.6729166671875 0.965625 0.68125 0.965625 0.6979166671875 0.9703125 0.7041666671875 0.9796875 0.7041666671875 0.990625 0.6770833328125 0.990625 0.6458333328125 0.9859375 0.6375 0.9796875 0.6333333328124999 0.9734375 0.61875 0.9640625 0.61875 0.959375 0.625 0.95578125 0.6179166671874999 0.8978125 0.6120833328125 0.8953125 0.6041666671875 0.8895312499999999 0.61125 0.8859375 0.6041666671875 0.88125 0.6104166671875 0.83984375 0.6114583328125 0.8375 0.61875 0.8328125 0.6104166671875 0.8315625000000001 0.6116666671875 0.7984375 0.6125 0.79375 0.61875 0.790625 0.6124547109375 0.459375 0.6083333328125 0.4546875 0.6105072453125 0.44921875 0.609375 0.4390625 0.6104166671875 0.325 0.5854166671875001 0.321875 0.58835784375 0.315625 0.5854166671875001 0.3140625 0.5868872546875 0.30625 0.5854166671875001 0.3015625 0.5916666671875 0.29812500000000003 0.5825 0.2875 0.5791666671875 0.2828125 0.5708333328124999 0.281875 0.5766666671875 0.27375 0.57375 0.27421875 0.5708333328124999 0.17625 0.5708333328124999 0.1734375 0.5770833328125 0.16875 0.56875 0.168125 0.5708333328124999 0.1604166671875 0.5694444437499999 0.16 0.5708333328124999 0.14375 0.5708333328124999 0.1390625 0.5770833328125 0.1365625 0.5754166671875 0.1221875 0.5845833328125 0.125 0.59375 0.11499999999999999 0.5891666671875 0.11640625 0.59375 0.1078125 0.59375 0.103125 0.6 0.103125 0.6125 0.10625 0.6166666671875001 0.10625 0.64375