0 0.75675 0.150040053125 0.7551671875 0.158661215625 0.87744765625 0.25094976562500004 0.869703125 0.32899532656249997 0.8622343750000001 0.3653037390625 0.856625 0.4222663546875 0.855515625 0.4960046734375 0.853265625 0.5027102796875 0.8622343750000001 0.5010280375 0.868953125 0.392102803125 0.8794114578125001 0.321728971875 0.8721927078125 0.3168925234375 0.8746822921874999 0.30478972031249996 0.8811545140625 0.31 0.9094639421874999 0.309232565625 0.9048125 0.4205841125 0.9406718749999999 0.4373598125 0.931703125 0.417242990625 0.921625 0.40719626093750005 0.9305937500000001 0.24801401875 0.9294687500000001 0.226214953125 0.926109375 0.21282710312500003 0.8980937499999999 0.20778037343750003 0.88834375 0.172616821875 0.8909687500000001 0.1647663546875 0.8909687500000001 0.1177803734375 0.8831093750000001 0.10864485937499999 0.8088906250000001 0.13212616875 0.748640625 0.11908878437499999 0.7447109375000001 0.1334462609375 0.7407812500000001 0.1478037390625 0.748765625 0.1489218953125 0.74797421875 0.1532324765625 0.75675 0.150040053125
0 0.896109375 0.361355140625 0.90371875 0.361355140625 0.9100781250000001 0.2607476640625 0.9131218750000001 0.2315046734375 0.920234375 0.20948598125 0.9354531250000001 0.23037383125000002 0.94370703125 0.2299007015625 0.9380000000000001 0.25315420624999996 0.9583125000000001 0.2518925234375 0.969734375 0.327172896875 0.977359375 0.33668224375 0.9786250000000001 0.3309813078125 0.977359375 0.3063084109375 0.9695234375 0.314521028125 0.9691015625 0.2892172890625 0.977359375 0.29017523437500004 0.977359375 0.23607476562500002 0.9824375 0.194299065625 1 0.12595794375 0.9938593750000001 0.0595327109375 0.9811562500000001 0.080397196875 0.9710000000000001 0.10317757031250001 0.969734375 0.12217289687499999 0.959578125 0.1335514015625 0.939265625 0.1392523359375 0.9075312500000001 0.14114485937500001 0.9011875 0.2075934578125 0.9107109375 0.20853972031249998 0.9095656249999999 0.24251401874999998 0.9024531250000001 0.2645327109375 0.896109375 0.361355140625
0 0.32160937500000003 0.2835280375 0.323765625 0.273855140625 0.31428124999999996 0.264158878125 0.3069375 0.2551401875 0.29615625 0.21189252343749998 0.29528125 0.19383177499999998 0.296578125 0.18350467343750002 0.287953125 0.16801401875 0.25903125 0.1822196265625 0.221484375 0.177686915625 0.21803124999999998 0.1931775703125 0.253421875 0.3119158875 0.32160937500000003 0.2835280375
1 0.31859375 0.9528037390625 0.324609375 0.997757009375 0.37870312500000003 1 0.195359375 0.6584345796875 0.202875 0.642686915625 0.40726562499999996 0.5393224296875 0.269 0.50787383125 0.28553125 0.5550467296875 0.255484375 0.6 0.20437500000000003 0.5865186921875 0.189359375 0.51911215 0.18334375 0.510116821875 0.094671875 0.5730373828124999 0.11871875000000001 0.67640186875 0.12323437500000001 0.6629205609375 0.142765625 0.6494392515625 0.31859375 0.9528037390625
1 1 0.582056075 0.998625 0.584299065625 0.8756718749999999 0.5686214953125 0.8546875 0.9497663546874999 0.8606718750000001 1 0.989625 1 1 1 1 0.582056075
1 0.8608593750000001 0.117686915625 0.890609375 0.10432242968750001 0.89259375 0.1265654203125 0.969921875 0.11915887812499999 0.9530625 0.08507009374999999 0.7865 0.09691588749999999 0.76171875 0.12212616875 0.8112812500000001 0.12806074843749998 0.8608593750000001 0.117686915625
0 0.919796875 0.1571962609375 0.9223281249999999 0.20962616875 0.9662499999999999 0.2083644859375 0.9713125 0.1862616828125 0.97934375 0.1452102796875 0.973859375 0.15341121562499999 0.919796875 0.1571962609375
0 0.599875 0.1162383171875 0.599875 0.1313084109375 0.612125 0.1280841125 0.605640625 0.0914719625 0.5566718749999999 0.0946962609375 0.555953125 0.12700934531250002 0.599875 0.1162383171875
0 0.112671875 0.2367757015625 0.12528125 0.3325467296875 0.12140625000000001 0.33109813125 0.12528125 0.344158878125 0.129171875 0.344158878125 0.129171875 0.381869159375 0.133046875 0.40364485937500005 0.13984375 0.4050934578125 0.1369375 0.376074765625 0.13984375 0.3499532703125 0.14371875 0.347056075 0.14178125 0.39782710312499997 0.151484375 0.42684579375 0.15634375 0.4225 0.151484375 0.3963785046875 0.150515625 0.3456074765625 0.18059375 0.3368925234375 0.16895312499999998 0.2585280375 0.17478125 0.24257009375 0.18642187500000001 0.23822429843749998 0.17575000000000002 0.22516355156249998 0.18059375 0.21355140156250002 0.18059375 0.19614485937499998 0.17381249999999998 0.18742990625 0.134015625 0.191799065625 0.151484375 0.191799065625 0.106859375 0.19759345781249998 0.095203125 0.219369159375 0.10782812500000001 0.2338785046875 0.112671875 0.2367757015625
0 0.970953125 0.10530373906249998 0.9909062499999999 0.062056075 0.9924062499999999 0.0545794390625 1 0.04787383125 0.996890625 0.0426635515625 0.9135937500000001 0.05831775625 0.9250624999999999 0.0918925234375 0.931046875 0.09338785 0.934546875 0.0672663546875 0.9340468749999999 0.0896495328125 0.9545 0.08591121562500001 0.9684687500000001 0.12098130781250001 0.970953125 0.10530373906249998
0 0.8904687499999999 0.123785046875 0.9079218750000001 0.13030373906249998 0.905734375 0.0759345796875 0.821390625 0.0802803734375 0.8279375 0.12161215 0.8868281250000001 0.1150934578125 0.8904687499999999 0.123785046875
0 0.713828125 0.08551401875 0.713828125 0.09745327031249999 0.7048489578125 0.08874610468750001 0.686890625 0.0952102796875 0.67840625 0.093714953125 0.67790625 0.10789719687499999 0.765203125 0.1026635515625 0.7637031249999999 0.0765654203125 0.713828125 0.08551401875