0 0.1765625 0.8021022734375001 0.21328125 0.7594886359374999 0.20625 0.69130681875 0.1703125 0.6998295453125001 0.1578125 0.5719886359374999 0.15 0.5776704546875 0.15 0.6458522734375001 0.15078125 0.61744318125 0.1484375 0.84755681875 0.1578125 0.7878977265625 0.165625 0.9157386359374999 0.1765625 0.8021022734375001
0 0.06325 0.882159090625 0.081203125 0.885284090625 0.091453125 0.8635227265625 0.10940625 0.8542045453125 0.11025 0.8603977265625 0.11709375 0.931875 0.12734375 0.9753977265625 0.135890625 0.9753977265625 0.135046875 0.9443181812500001 0.1290625 0.91943181875 0.12478125 0.8448863640625 0.1265 0.8261931812500001 0.13248437500000002 0.757840909375 0.12051562499999999 0.6707954546875 0.094875 0.645965909375 0.070078125 0.652159090625 0.05298437499999999 0.6801136359375 0.04359375 0.7236363640625 0.041031250000000005 0.80443181875 0.049578125 0.8448863640625 0.05384375 0.91943181875 0.06325 0.9753977265625 0.058125 0.8759659093750001 0.06325 0.882159090625
0 0.27332812500000003 0.7742045453124999 0.27559374999999997 0.8551136359375 0.2774375 0.8739772734375 0.2804375 0.8727272734374999 0.279984375 0.8496590906250001 0.27975 0.8345454546875001 0.2774375 0.7536363640625 0.2760625 0.723465909375 0.272015625 0.7053977265625 0.269484375 0.684034090625 0.26821875 0.6672727265625 0.27214062499999997 0.6454545453125 0.274671875 0.6244886359375 0.275484375 0.59556818125 0.271671875 0.5657954546874999 0.26382812499999997 0.5536363640624999 0.25593750000000004 0.55431818125 0.248875 0.5676136359374999 0.240578125 0.590625 0.2361875 0.6261363640625001 0.2366875 0.657159090625 0.240828125 0.6801704546875 0.24009375 0.6961363640625 0.23790624999999999 0.6935227265624999 0.21328125 0.7325 0.212546875 0.743125 0.21376562500000001 0.76 0.211328125 0.7626704546874999 0.211328125 0.76619318125 0.23935937499999999 0.8060795453124999 0.2435 0.922215909375 0.2473125 0.9235227265624999 0.24753124999999998 0.8060227265625001 0.27332812500000003 0.7742045453124999
0 0.2864375 0.7064204546874999 0.293875 0.7182386359375 0.294640625 0.75369318125 0.2973125 0.763409090625 0.2973125 0.7203409093750001 0.304390625 0.7203409093750001 0.30724999999999997 0.8182954546874999 0.311453125 0.8210227265625001 0.310875 0.72244318125 0.31221875 0.71619318125 0.317765625 0.7126704546875 0.31871875 0.7286931812499999 0.32023437499999996 0.729375 0.32043750000000004 0.70994318125 0.32290625 0.71130681875 0.3244375 0.779375 0.328265625 0.7869886359375 0.32615625000000004 0.698125 0.32596875000000003 0.6626704546875 0.321578125 0.63630681875 0.32234375000000004 0.6064204546874999 0.32578125 0.5827840906249999 0.325390625 0.5369886359375 0.319671875 0.5286363640625 0.315078125 0.5321022734375 0.31221875 0.5411363640625 0.3070625 0.5696022734375 0.30648437500000003 0.6133522734375 0.30534374999999997 0.6342045453125 0.30457812500000003 0.6529545453125001 0.29426562500000003 0.6467045453125 0.291203125 0.6536363640625 0.28776562499999997 0.6661363640625 0.2864375 0.7064204546874999
0 0.23932812499999997 0.53068181875 0.234875 0.536875 0.23384375 0.5506249999999999 0.232140625 0.5618181812499999 0.23384375 0.5680681812499999 0.23453125 0.56681818125 0.25578124999999996 0.5568181812499999 0.253046875 0.5393749999999999 0.2461875 0.52943181875 0.23932812499999997 0.53068181875
0 0.014468749999999999 1 0.078015625 0.9989772734375 0.04303125 0.8951136359375 0.025734374999999997 0.8073295453125 0.010437499999999999 0.786875 0.0015937500000000001 0.836590909375 0.0015937500000000001 0.8395454546875 0 1 0.014468749999999999 1
0 0.526109375 0.7851704546875 0.5466875 0.7811363640625 0.551921875 0.7811363640625 0.5530468749999999 0.7702272734375 0.55678125 0.7675 0.56240625 0.7675 0.5687656249999999 0.7729545453125 0.5848125 0.7702272734375 0.5855625 0.790625 0.591171875 0.7851704546875 0.591171875 0.7689204546874999 0.594140625 0.7648295453125 0.594890625 0.7176136359374999 0.5956406249999999 0.6303977265625 0.594171875 0.6089772734375 0.589015625 0.6035795453125 0.583515625 0.5756249999999999 0.574734375 0.507784090625 0.57546875 0.497159090625 0.572921875 0.4878977265625 0.5601406250000001 0.4905113640625 0.534953125 0.49318181875 0.522875 0.49585227343750005 0.520671875 0.5332954546875001 0.517375 0.5880113640625 0.51553125 0.6121022734375 0.511109375 0.6241477265625 0.51221875 0.633465909375 0.5144062500000001 0.685340909375 0.5177031249999999 0.7797727265625001 0.520625 0.7864204546875 0.520625 0.8223295453125001 0.519734375 0.8232954546875 0.522734375 0.8219318187500001 0.526109375 0.7851704546875
0 0.41801562499999995 0.902215909375 0.42604687500000005 0.8351136359375 0.497859375 0.8219886359374999 0.497859375 0.6760795453124999 0.48703124999999997 0.6614772734375001 0.47298437499999996 0.6017045453125001 0.463359375 0.5375 0.463359375 0.5171022734374999 0.43165624999999996 0.5214772734374999 0.39796875 0.5272727265625 0.39635937499999996 0.5346022734375 0.39635937499999996 0.5579545453125 0.39234375 0.6848295453125 0.391140625 0.6921590906249999 0.38953125 0.714034090625 0.39515625 0.8934659093749999 0.39796875 0.8963636359375 0.400765625 0.95619318125 0.4051875 0.95619318125 0.40759375000000003 0.906590909375 0.41801562499999995 0.902215909375
0 0.207078125 0.5514204546875 0.199796875 0.5392613640625 0.19039062499999998 0.53818181875 0.182796875 0.5602272734375 0.1800625 0.5856250000000001 0.21193749999999997 0.5723863640625 0.21071875 0.5602272734375 0.207078125 0.5514204546875
0 0.2863125 0.6510227265624999 0.295765625 0.6455113640625 0.29484374999999996 0.62443181875 0.303828125 0.6405113640625 0.306875 0.63443181875 0.3055 0.588465909375 0.309 0.5480113640625001 0.31296875 0.5358522734375 0.31296875 0.5231250000000001 0.30840625 0.5181250000000001 0.29834375 0.5231250000000001 0.3030625 0.5530113640625001 0.29362499999999997 0.5497159093749999 0.2960625 0.5928977265625 0.28585937499999997 0.6310795453125 0.284484375 0.6443749999999999 0.2863125 0.6510227265624999
1 0.236828125 0.6278409093749999 0.236828125 0.625340909375 0.23960937499999999 0.59744318125 0.24937499999999999 0.5669886359375 0.26053125 0.5517613640625 0.26960937500000004 0.5568181812499999 0.276578125 0.5923295453125 0.2975 0.5847159093750001 0.296109375 0.559375 0.27309375 0.539090909375 0.23334375000000002 0.5644318187499999 0.22357812500000002 0.5644318187499999 0.162203125 0.5898295453125 0.16707812500000002 0.6126136359375 0.20056250000000003 0.645625 0.236828125 0.6278409093749999
1 0.715890625 0.885909090625 0.622015625 0.7472727265625 0.6184062499999999 0.7502272734375001 0.6304375 0.82755681875 0.6035625 0.8435795453124999 0.591515625 0.788125 0.54659375 0.8158522734375 0.5020625 0.83630681875 0.51128125 0.9048295453125 0.493640625 0.9135795453125001 0.48921875000000004 0.9806818187499999 0.443078125 0.94130681875 0.443078125 0.9223295453125001 0.42182812500000005 0.9223295453125001 0.41460937500000006 0.999659090625 0.69984375 0.999659090625 0.713875 0.9530113640625 0.715890625 0.885909090625