0 0.676546875 0.8396041671875001 0.65996875 0.7887500000000001 0.682359375 0.7887500000000001 0.71303125 0.8351875 0.690640625 0.7843333328125001 0.71303125 0.7776875000000001 0.703078125 0.7511666671875 0.666609375 0.7522708328125 0.63509375 0.7003125 0.6052500000000001 0.7069375 0.60359375 0.7157916671875 0.6467031249999999 0.7909583328124999 0.6118750000000001 0.8307499999999999 0.6525000000000001 0.7975833328124999 0.676546875 0.8396041671875001
0 0.8980625 0.8755208328125 0.8858750000000001 0.7892291671875 0.888921875 0.7506666671875 0.8950156249999999 0.7334166671875 0.9018750000000001 0.7100625 0.8980625 0.7039791671875 0.89196875 0.7029583328125 0.868375 0.7303541671875 0.8493437500000001 0.7334166671875 0.8310625 0.7344166671875 0.8295468749999999 0.7466041671875 0.8272656250000001 0.7679166671875 0.8265 0.7831458328124999 0.82496875 0.798375 0.8226875 0.8095416671875 0.8219375 0.8288333328125 0.8219375 0.8521666671875 0.8188906250000001 0.8765416671875 0.8310625 0.8785624999999999 0.8295468749999999 0.8562291671875 0.834109375 0.8278125 0.834109375 0.7993958328125 0.8417187500000001 0.7943125 0.8432499999999999 0.7973541671875 0.8584687499999999 0.8024374999999999 0.8737031249999999 0.865375 0.8881718749999999 0.8744999999999999 0.8980625 0.8755208328125
0 0.55625 0.6007291671874999 0.5609531249999999 0.6002083328125 0.5472187500000001 0.5662083328125 0.522515625 0.5756249999999999 0.5236875000000001 0.57875 0.53428125 0.6048958328125 0.5350625 0.6158958328125 0.5378125 0.6007291671874999 0.55625 0.6007291671874999
0 0.67759375 0.6049375 0.6857968750000001 0.6042083328125 0.6901875000000001 0.5874375 0.692375 0.58525 0.707140625 0.5845208328125 0.70440625 0.6012916671874999 0.713703125 0.5998333328125 0.7175312500000001 0.57575 0.7295625 0.5845208328125 0.735578125 0.5925416671875 0.7558281250000001 0.5947291671875 0.760203125 0.5874375 0.735578125 0.5801458328125 0.719171875 0.5764791671875 0.7120625 0.5618958328125 0.706046875 0.5378333328125 0.69346875 0.545125 0.670484375 0.5422083328125 0.6611875 0.5458541671875 0.675953125 0.5786666671875 0.6765 0.57575 0.67540625 0.5991041671875 0.67759375 0.6049375
0 0.384046875 0.6151666671875 0.384515625 0.6151666671875 0.38656250000000003 0.6203958328125 0.38765625 0.6201875 0.3875 0.6157916671875 0.393 0.6134791671875 0.39582812500000003 0.6116041671875 0.3994375 0.6116041671875 0.400859375 0.6094999999999999 0.3981875 0.593375 0.407140625 0.5780833328125 0.397390625 0.5762083328125 0.397234375 0.5730625 0.38278124999999996 0.5732708328125 0.3804375 0.5768333328125 0.375875 0.5818541671874999 0.372109375 0.5902499999999999 0.379484375 0.6134791671875 0.379171875 0.6208125 0.373984375 0.6247916671875 0.37603125 0.6260625 0.384046875 0.6222916671875 0.384046875 0.6151666671875
0 0.660359375 0.5487083328125 0.623421875 0.553875 0.6416875 0.595875 0.679015625 0.5937916671875 0.684078125 0.5948333328125 0.679015625 0.5808333328125 0.660359375 0.5487083328125
0 0.7253437500000001 0.532375 0.7225937499999999 0.5366458328125 0.72878125 0.5458125 0.733125 0.5540416671874999 0.73153125 0.5674791671875 0.729 0.5748125 0.729 0.5757291671875 0.75053125 0.5796875 0.7535000000000001 0.5873333328125 0.75625 0.5855 0.758078125 0.5745 0.766546875 0.5745 0.765640625 0.5500833328125 0.757390625 0.514375 0.746859375 0.5152916671875001 0.746859375 0.5247499999999999 0.743203125 0.5299375000000001 0.7253437500000001 0.532375
1 0.815609375 0.8051666671875 0.83878125 0.7987291671875 0.8397500000000001 0.7485208328125 0.8339531250000001 0.7176041671875 0.79821875 0.7176041671875 0.7987031250000001 0.7195416671875 0.813671875 0.7394999999999999 0.815609375 0.8051666671875
1 0.195359375 0.8271875 0.19184375 0.8329583328125001 0.19753125 0.8473750000000001 0.21590625000000002 0.8618124999999999 0.214828125 0.8740625 0.20779687500000002 0.8837916671875 0.212671875 0.9007291671875001 0.23781249999999998 0.8967708328124999 0.2361875 0.8949791671874999 0.24565625 0.8773125 0.249984375 0.8628750000000001 0.2535 0.8520625000000001 0.25025 0.8354791671875 0.24376562499999999 0.829 0.22970312499999998 0.8271875 0.22915625 0.8250208328124999 0.211578125 0.8243124999999999 0.195359375 0.8271875
0 0.7341249999999999 0.8873958328124999 0.739796875 0.8046458328125 0.793328125 0.8071666671875001 0.799015625 0.8842291671875 0.804703125 0.8892916671875 0.808015625 0.8867499999999999 0.801390625 0.8084374999999999 0.808015625 0.7989583328125 0.810859375 0.8659166671875 0.81796875 0.8798125000000001 0.8189062500000001 0.7958125 0.8132187500000001 0.7339166671874999 0.78196875 0.7054791671875 0.73221875 0.7042291671875 0.714703125 0.7364375 0.7246406249999999 0.7629583328125 0.721328125 0.8780625000000001 0.729375 0.8646458328125 0.72890625 0.8823333328125 0.7341249999999999 0.8873958328124999
0 0.79790625 0.563875 0.7970625 0.5163958328125 0.761453125 0.5231666671874999 0.769078125 0.5672708328125 0.769078125 0.5943958328125001 0.7741718750000001 0.5943958328125001 0.7767031249999999 0.5683958328125 0.79790625 0.563875
0 0.514515625 0.6059166671875 0.49607812500000004 0.5750833328125 0.47357812499999996 0.5780000000000001 0.48920312499999996 0.6046666671875001 0.48889062499999997 0.6175833328125 0.514828125 0.6163333328125 0.514515625 0.6059166671875
0 0.261390625 0.8455416671875 0.257859375 0.8533958328125 0.25128125 0.8536250000000001 0.24874999999999997 0.8563124999999999 0.2460625 0.8612708328125 0.24571874999999999 0.8718333328125001 0.24842187500000001 0.8828333328125 0.252296875 0.8853125000000001 0.252796875 0.8907083328125 0.25398437500000004 0.9026041671874999 0.258875 0.9111458328125 0.269828125 0.9118124999999999 0.2705 0.9104791671875001 0.269984375 0.8999166671875001 0.265953125 0.8711458328124999 0.268984375 0.8495833328125 0.272859375 0.8376666671875 0.26796875 0.8376666671875 0.261390625 0.8455416671875
0 0.25328125 0.8562916671874999 0.254625 0.8488749999999999 0.2591875 0.8257291671875 0.260703125 0.8171875 0.2553125 0.8180833328125001 0.25260937499999997 0.8203333328125 0.25007812500000004 0.8250624999999999 0.2480625 0.8329166671875001 0.245359375 0.8455 0.24923437499999998 0.8571875 0.25328125 0.8562916671874999