0 0.5765 0.48936768124999996 0.579609375 0.493091334375 0.592671875 0.46793910937499994 0.60821875 0.46046838437500004 0.6150625 0.49030445 0.624390625 0.5210538640625 0.628734375 0.5210538640625 0.622515625 0.49030445 0.62065625 0.4548946140625 0.616296875 0.43065573749999997 0.6150625 0.4148009375 0.6131875 0.404543325 0.6306093749999999 0.3355737703125 0.6399375 0.3057611234375 0.636828125 0.29922716562499996 0.63371875 0.28805620625 0.62190625 0.2777985953125 0.58271875 0.265667446875 0.5485156250000001 0.26754098437499996 0.5398125 0.2982903984375 0.5168125 0.371920375 0.503125 0.41852459062499997 0.5056093749999999 0.425995315625 0.5168125 0.43437939062500003 0.526140625 0.43716627656249996 0.52675 0.4148009375 0.528 0.3831147546875 0.53421875 0.38871194375 0.53359375 0.4334426234375 0.5485156250000001 0.4455737703125 0.5472812499999999 0.4697892265625 0.547890625 0.47444964843750004 0.567171875 0.46700234218750003 0.575875 0.4697892265625 0.580859375 0.4707259953125 0.5765 0.48936768124999996
0 0.43471875000000004 0.3697892265625 0.46321874999999996 0.452084309375 0.462390625 0.481803278125 0.4805625 0.478079625 0.48345312500000004 0.4706557375 0.48014062500000004 0.45395784531250005 0.47767187499999997 0.4428103046875 0.47973437499999994 0.437868853125 0.4805625 0.4310538640625 0.492953125 0.42796252968750004 0.50409375 0.4273302109375 0.500375 0.41681498906250003 0.49046874999999995 0.38648711874999997 0.48262499999999997 0.3697892265625 0.44175000000000003 0.352459015625 0.435140625 0.33573770468749997 0.43471875000000004 0.33512880625 0.43678125 0.3549180328125 0.43471875000000004 0.3697892265625
0 0.013109375000000001 0.8196487125 0.025 0.871100703125 0.03028125 0.916604215625 0.028953125000000003 0.952224825 0.028953125000000003 0.9977283375000001 0.046125 0.989812646875 0.0474375 0.9047306796875001 0.057999999999999996 0.9245199062499999 0.096296875 0.9443091328125 0.13721875 0.9502576109374999 0.17154687500000002 0.946299765625 0.20059375 0.9443091328125 0.23756249999999998 1 0.26265625 0.9957611234374999 0.24548437500000003 0.9700468390625 0.20456249999999998 0.9027634656249999 0.180796875 0.8493208437499999 0.155703125 0.8018266984375 0.11609375 0.7879859484375 0.06328125 0.7721545671875 0.017078125 0.7503747078125 0.003875 0.7602810296875 0.007828125 0.784028103125 0.013109375000000001 0.8196487125
0 0.9340624999999999 0.9225761125 0.9527187500000001 0.88386416875 0.965625 0.8516159249999999 0.965625 0.8107494140625 1 0.76775175625 0.9971875000000001 0.6731147546875 0.98571875 0.6989227171875 0.957015625 0.7462295078125 0.9211562499999999 0.76775175625 0.893890625 0.7634426234375 0.85371875 0.7462295078125 0.8637499999999999 0.7655971890625 0.8637499999999999 0.8085948484375001 0.8709374999999999 0.8430210765625 0.8723593749999999 0.8752693203125 0.81784375 0.9827868859375 0.879546875 0.9698829046874999 0.9010624999999999 0.9612880562499999 0.9340624999999999 0.9225761125
0 0.22357812500000002 0.558548009375 0.23921874999999998 0.635620609375 0.252640625 0.6775175640625 0.2649375 0.679180328125 0.253765625 0.6289227171875 0.23921874999999998 0.592060890625 0.23140624999999998 0.5652459015625 0.253765625 0.5568618265625 0.261578125 0.5384309140625 0.273875 0.53676815 0.27053125 0.5015690859374999 0.25710937500000003 0.4714051515625 0.26046874999999997 0.45297423906249995 0.26046874999999997 0.4161124125 0.21798437499999998 0.4395784546875 0.20456249999999998 0.45131147499999996 0.212390625 0.5099531609375 0.22357812500000002 0.558548009375
1 1 0.4023419203125 0.9450468750000001 0.388243559375 0.9419062500000001 0.4 0.91521875 0.3905854796875 0.9215 0.371756440625 0.864984375 0.3576580796875 0.778640625 0.404707259375 0.7880625 0.4164637 0.836734375 0.4494145203125 0.8382968749999999 0.47058547968750003 0.8916718749999999 0.4870491796875 0.86184375 0.6541217796875001 0.87284375 0.6823419203125 0.8979531250000001 0.6823419203125 0.91521875 0.4988290390625 0.9309218749999999 0.4941217796875 0.9701718749999999 0.491756440625 0.998421875 0.47765807968749996 1 0.45646370000000003 1 0.4023419203125
1 0.62165625 0.644707259375 0.676609375 0.6470491796875 0.690734375 0.6470491796875 0.689171875 0.6235363 0.684453125 0.5858782203125 0.6530625 0.6305854796875 0.5667187499999999 0.6188290390625 0.558875 0.5741217796875 0.547875 0.5317564406249999 0.604390625 0.5129508203124999 0.5463125 0.48470725937500003 0.480375 0.524707259375 0.450546875 0.564707259375 0.37048437500000003 0.644707259375 0.5290468749999999 0.7505854796875 0.60753125 0.7129508203125 0.5667187499999999 0.684707259375 0.62165625 0.644707259375
0 0.22181250000000002 0.3777283375 0.20295312499999998 0.40674473125 0.198484375 0.44615925 0.20146875 0.452107728125 0.20445312499999999 0.46327868906249997 0.203453125 0.47964871249999996 0.21189062500000003 0.498243559375 0.207421875 0.466252928125 0.207421875 0.45063231875 0.21934375 0.43798594843750005 0.249609375 0.417892271875 0.25656249999999997 0.39259953125 0.25359375 0.3747540984375 0.245640625 0.35243559687500003 0.23174999999999998 0.333091334375 0.22678125 0.3412646375 0.224796875 0.36508196718749997 0.22181250000000002 0.3777283375
0 0.6692812499999999 0.41953161562499997 0.67028125 0.4150585484375 0.6628125 0.40238875937499996 0.65634375 0.41133489531249995 0.6558437500000001 0.42103044531249995 0.6384375 0.5075409843750001 0.650875 0.4993442625 0.6692812499999999 0.41953161562499997
0 0.971265625 0.674988290625 0.993890625 0.6806557375 0.999171875 0.6037704921875 0.97353125 0.6444730671875 0.971265625 0.674988290625
1 0.0017343750000000002 0.5116861828125 0.06065625 0.475316159375 0.0017343750000000002 0.425971896875 0.005203125 0.475316159375 0.0017343750000000002 0.5116861828125
1 0.342796875 0.360163934375 0.3435 0.36482435625 0.351078125 0.3596370015625 0.35935937500000004 0.3591100703125 0.35365625 0.3774941453125 0.360703125 0.3838290390625 0.36775 0.38255269375 0.36775 0.39016393437499997 0.442171875 0.35384075 0.483890625 0.3707259953125 0.510390625 0.36398126406250003 0.5081249999999999 0.358899296875 0.5086875 0.35552693281250003 0.427515625 0.3208665109375 0.43370312499999997 0.33016393437499997 0.442171875 0.347915690625 0.433890625 0.35436768125 0.384203125 0.3575292734375 0.390296875 0.3107259953125 0.38465625000000003 0.3208665109375 0.38015625000000003 0.31159250625 0.29107812499999997 0.336932084375 0.27078125000000003 0.3352459015625 0.265140625 0.337775175 0.2611875 0.34538641718749996 0.29953124999999997 0.36482435625 0.309671875 0.3622716625 0.342796875 0.360163934375