0 0.8346406249999999 0.9035833328124999 0.837578125 0.9163125000000001 0.858859375 0.8957708328124999 0.841984375 0.9006458328125 0.837578125 0.87425 0.83025 0.8272916671875 0.8280468750000001 0.7891458328125001 0.8441875 0.8057708328125001 0.90140625 0.8067500000000001 0.9006718749999999 0.8047916671875001 0.889671875 0.7627291671875 0.8852656250000001 0.7441458328125 0.8859999999999999 0.7314375 0.891140625 0.7196875 0.930015625 0.7196875 0.9234218750000001 0.678625 0.911671875 0.6561250000000001 0.9006718749999999 0.6512291671875 0.8859999999999999 0.65025 0.8214375 0.6541666671875 0.81190625 0.6590625 0.8074999999999999 0.6737291671875 0.8074999999999999 0.6923125 0.817046875 0.7607708328125 0.81484375 0.779375 0.808234375 0.8380625 0.80603125 0.8889166671875 0.8097031250000001 0.8977291671875 0.81484375 0.9016249999999999 0.8346406249999999 0.9035833328124999
0 0.30278125 0.6636875 0.308931640625 0.6701041671875 0.312953125 0.6705902765625 0.31072265625 0.6806875 0.318765625 0.6816597234375 0.312513671875 0.6912708328125 0.319677734375 0.7336041671875 0.324578125 0.7392083328125 0.32146875 0.7441875 0.32968125000000004 0.7473458328125 0.334784375 0.7554833328125 0.3217734375 0.7583020828125 0.322078125 0.784875 0.330171875 0.7873541671875001 0.338890625 0.7965 0.356328125 0.7973333328125001 0.389953125 0.7765625 0.38371875 0.7707708328125 0.387384765625 0.7666015625 0.35134375 0.6246666671875001 0.33204687499999996 0.6180208328125001 0.30465624999999996 0.6221666671875 0.298421875 0.6304791671875 0.2971875 0.6387708328125 0.299984375 0.6512291671875 0.307140625 0.6595208328125 0.30278125 0.6636875
0 0.264015625 0.7124375 0.27414062499999997 0.7704791671875 0.299203125 0.7687291671875001 0.305796875 0.8302708328125 0.30975 0.8261666671875 0.28996875 0.6309583328125 0.27896875 0.6203958328125 0.264015625 0.6198125 0.2473125 0.6174583328125001 0.24246875 0.6168750000000001 0.25171875 0.6344791671875 0.264015625 0.7124375
0 0.314640625 0.9747083328124999 0.347015625 0.8987083328125 0.360390625 0.8414791671874999 0.3406875 0.8442916671875 0.314640625 0.8949583328124999 0.25975000000000004 0.9812916671874999 0.2485 0.9991041671875 0.301984375 1 0.314640625 0.9747083328124999
0 0.21428124999999998 0.7949166671875 0.22640625 0.8641249999999999 0.220109375 0.8097916671875 0.203609375 0.6810833328125 0.19439062499999998 0.635375 0.189546875 0.6269791671875 0.180328125 0.6198541671875 0.1643125 0.6192083328125 0.162375 0.6205 0.174984375 0.6237291671875 0.174984375 0.6235 0.18371875 0.6442083328125 0.19003125 0.679125 0.20554687500000002 0.7541666671875 0.21428124999999998 0.7949166671875
0 0 0.8728958328124999 0.023484375 0.8975208328125 0.031875 0.89975 0.00671875 0.9780416671875001 0.01175 0.9780416671875001 0.067109375 0.8706666671875001 0.07046875 0.8057916671875001 0.020140625000000002 0.7878958328125 0 0.7946041671875 0 0.8728958328124999
0 0.68471875 1 0.6920468750000001 0.9963541671874999 0.6917187499999999 0.9297916671875001 0.6953750000000001 0.8938541671875001 0.69603125 0.8792083328125001 0.628484375 0.8734375 0.550609375 0.8778750000000001 0.52265625 0.8845416671875 0.5026875000000001 0.9058333328125 0.49037499999999995 0.9590833328124999 0.49071875 1 0.50303125 1 0.50934375 0.9768333328125 0.5213281249999999 0.9768333328125 0.550609375 0.98925 0.56459375 1 0.68471875 1
0 0.9176875000000001 0.773625 0.9307968750000001 0.773625 0.940765625 0.7631458328125 0.957546875 0.7645416671875 0.959125 0.75825 0.9580781249999999 0.7414583328125001 0.9580781249999999 0.728875 0.97065625 0.7274791671874999 0.9827187500000001 0.7274791671874999 0.97328125 0.7190833328124999 0.9596406249999999 0.7162916671875 0.90353125 0.7190833328124999 0.890953125 0.7204791671875 0.885703125 0.728875 0.8846562499999999 0.74775 0.90825 0.814875 0.9129687499999999 0.8127916671875001 0.9124531250000001 0.7771250000000001 0.9176875000000001 0.773625
0 0.10818749999999999 0.8818541671875 0.10553125000000001 0.8683541671875 0.10179687500000001 0.8576874999999999 0.097 0.8527291671875 0.086890625 0.8520208328125 0.07515625000000001 0.8548541671875001 0.06929687500000001 0.859125 0.060781249999999995 0.8704791671875001 0.058109375 0.8740416671875 0.02028125 0.9699375 0.079953125 0.9564375 0.10179687500000001 0.9145208328125 0.10659375 0.9031666671874999 0.10765625000000001 0.8896666671875 0.10818749999999999 0.8818541671875
1 0.9935 0.7506458328125001 0.983765625 0.7454583328125 0.9818125 0.7272708328124999 0.9564999999999999 0.7272708328124999 0.9603906249999999 0.7844166671874999 0.9564999999999999 0.8051875000000001 0.948703125 0.7688333328125 0.913640625 0.7714375 0.913640625 0.8207708328125 0.9116875 0.8415625 0.80065625 0.9558541671875 0.7987031250000001 0.9428541671874999 0.7948125 0.8805208328124999 0.783109375 0.8415625 0.76753125 0.7896041671875 0.76753125 0.7584375 0.7285781250000001 0.7558541671875 0.7285781250000001 0.776625 0.7266250000000001 0.8103958328124999 0.7012968749999999 0.8545416671874999 0.695453125 0.9065 0.6896093750000001 0.9870208328125001 0.995453125 0.976625 0.99740625 0.7324583328125 0.9935 0.7506458328125001
0 0.05165625 0.7162291671875 0.015921875 0.7121875 0 0.7135416671875 0.00042187500000000005 0.7701458328124999 0.01828125 0.7800416671875 0.025703125 0.7800416671875 0.034796875 0.7786875 0.039515625 0.7768958328125 0.0435625 0.7732916671875001 0.045578125000000004 0.7715 0.042546875 0.7908125 0.048953125 0.7935208328125001 0.049296875000000004 0.7948541671875 0.055703125 0.7687916671874999 0.061421875 0.7315 0.058390624999999995 0.7220625 0.05165625 0.7162291671875
0 0.223921875 0.7318125 0.22559374999999998 0.7540625000000001 0.23171875000000003 0.7822708328125 0.23784375 0.8265208328125 0.24118750000000003 0.8525 0.23560937499999998 0.8710416671875001 0.236734375 0.87625 0.24896875000000002 0.8710416671875001 0.24953124999999998 0.8465624999999999 0.24842187500000001 0.8168749999999999 0.24396874999999998 0.7961041671875 0.24340625 0.7456875000000001 0.23728125000000003 0.6848333328125 0.232828125 0.6484791671875 0.22559374999999998 0.6291875 0.21223437500000003 0.6202916671875001 0.20278125 0.6187916671875 0.19109375 0.6182708328125 0.207234375 0.6346041671875 0.21446874999999999 0.6665 0.21725 0.7088125 0.223921875 0.7318125