0 0.93528 0.11594666718749999 0.92404 0.1570933328125 0.97034 0.1776533328125 0.97596 0.12904 0.98716 0.1009866671875 0.97876 0.0748266671875 0.9717399999999999 0.0953866671875 0.96754 0.0934933328125 0.9591200000000001 0.11594666718749999 0.93528 0.11594666718749999
0 0.85344 0.7467733328125 0.8389 0.73384 0.8146599999999999 0.73384 0.80658 0.7489333328125001 0.81788 0.8265066671874999 0.83728 0.8286666671875 0.85022 0.7920266671875 0.85022 0.79848 0.8566800000000001 0.7597066671875 0.85344 0.7467733328125
1 0.29788000000000003 0.34456000000000003 0.12412000000000001 0.2830933328125 0.1117 0.29256000000000004 0.0993 0.2854666671875 0.062060000000000004 0.32565333281250003 0.0461 0.3540266671875 0.04078 0.3540266671875 0.03192 0.3634666671875 0.00532 0.3634666671875 0.00532 0.4367733328125 0.14184000000000002 0.49824 0.26242 0.4958666671875 0.2571 0.4958666671875 0.29788000000000003 0.4367733328125 0.28546 0.3682133328125 0.29256000000000004 0.3540266671875 0.29788000000000003 0.34456000000000003
1 1 0.8908266671874999 0.9781000000000001 0.8892533328125 0.97578 0.8690933328125 0.97578 0.8582133328125 0.97578 0.8489066671875 0.9618 0.8457866671875 0.9653 0.79768 0.96064 0.7992266671875 0.95716 0.8442399999999999 0.94086 0.8473599999999999 0.94086 0.8535466671874999 0.9431800000000001 0.86288 0.93736 0.8830666671875 0.9233800000000001 0.8830666671875 0.9164 0.8846133328124999 0.91874 0.8690933328125 0.9128999999999999 0.85976 0.9012600000000001 0.8566666671875 0.9105800000000001 0.8147466671875 0.9094200000000001 0.8116533328125 0.9000999999999999 0.852 0.88264 0.8535466671874999 0.87798 0.86288 0.87682 0.88616 0.81744 0.8985866671875 0.79764 0.8768533328125001 0.7964800000000001 0.9047733328125 0.708 0.93584 0.7068399999999999 0.9622133328125001 0.69286 0.9373866671875 0.6591 0.94824 0.65794 0.9141066671875 0.64862 0.95136 0.58924 0.9715466671874999 0.5485 1 0.9990600000000001 0.9994933328125001 1 0.8908266671874999
1 0.8889400000000001 0.26368 0.8903000000000001 0.2710133328125 0.9989399999999999 0.27469333281249997 0.99756 0.2361866671875 0.9673 0.22885333281250003 0.96868 0.1921866671875 0.9700599999999999 0.19034666718749998 0.9480600000000001 0.20869333281250002 0.95906 0.22336 0.9288000000000001 0.26186666718749996 0.8889400000000001 0.26368
1 0.3507 0.8064533328125 0.35614 0.8427466671875001 0.36429999999999996 0.8742133328125 0.37338 0.8742133328125 0.3879 0.8826666671875 0.3879 0.9310666671875 0.39968 0.9298400000000001 0.40876 0.92744 0.40422 0.91048 0.40512 0.8621066671875001 0.40149999999999997 0.83912 0.40876 0.8064533328125 0.40512 0.7907466671875001 0.39968 0.77744 0.37972 0.76776 0.35524 0.7653333328125 0.33346 0.7665333328124999 0.3389 0.77864 0.34706000000000004 0.78952 0.3507 0.8064533328125
1 0.37164 0.2577333328125 0.2203 0.2196266671875 0.13452 0.27792 0.14462 0.2824 0.31782 0.3317333328125 0.37164 0.2577333328125
0 0.8511200000000001 0.6764 0.8460599999999999 0.67864 0.8342599999999999 0.6943733328125 0.8342599999999999 0.7190933328125 0.84102 0.7393333328125 0.85786 0.7438133328125 0.86798 0.7370666671875 0.8646 0.70112 0.8511200000000001 0.6764
0 0.21004 0.1736 0.21622 0.15528 0.21667999999999998 0.15072000000000002 0.20364 0.12383999999999999 0.20248 0.12506666718749998 0.19332 0.13879999999999998 0.19263999999999998 0.1415466671875 0.20202 0.1592533328125 0.21004 0.1736
0 0.49800000000000005 0.9964266671875001 0.49800000000000005 0.84192 0.45275999999999994 0.8345066671874999 0.4345 0.84088 0.42338 0.9572800000000001 0.42022000000000004 0.9943199999999999 0.41784 0.9943199999999999 0.49324 0.9974933328125 0.49800000000000005 0.9964266671875001
0 0.05202 0.9487733328125 0.06712 0.8995466671875001 0.08222 0.85928 0.0839 0.8346666671875 0.0688 0.8346666671875 0.0453 0.8346666671875 0.02348 0.8301866671875 0.0033599999999999997 0.8301866671875 0.01006 0.8458666671874999 0.018459999999999997 0.8816533328125 0.018459999999999997 0.9375733328125 0.01006 0.9800800000000001 0.013420000000000001 0.9800800000000001 0.05202 0.9890399999999999 0.05202 0.9487733328125
0 0.5097400000000001 0.20221333281249998 0.51668 0.23832 0.5201399999999999 0.2508 0.5225799999999999 0.24570666718749998 0.51528 0.1920533328125 0.52952 0.1818666671875 0.5368 0.2063733328125 0.5434 0.2415466671875 0.54582 0.2410933328125 0.54478 0.2332266671875 0.5375 0.20407999999999998 0.53542 0.18048 0.54026 0.17352 0.5371400000000001 0.1254133328125 0.51112 0.1328266671875 0.50244 0.14208 0.5027999999999999 0.1925066671875 0.5093799999999999 0.19112 0.5097400000000001 0.20221333281249998
0 0.88074 0.7109066671875001 0.8769199999999999 0.71136 0.8779600000000001 0.7169333328125 0.88282 0.7104533328125 0.88872 0.6957955546875 0.8984400000000001 0.6896266671875 0.89462 0.681137778125 0.90052 0.66648 0.87414 0.6701866671875 0.8779600000000001 0.69424 0.8882 0.6919333328125 0.88074 0.7109066671875001
0 0.4192 0.8205066671875001 0.41726 0.8334133328125001 0.41967999999999994 0.8379200000000001 0.42888000000000004 0.8443733328125 0.42888000000000004 0.8424266671874999 0.42356 0.83728 0.42162 0.8062933328125 0.43129999999999996 0.8017866671875 0.44534 0.8050133328125 0.46180000000000004 0.8011466671875 0.46518 0.7908000000000001 0.46372 0.7804800000000001 0.46227999999999997 0.76888 0.46518 0.7637066671875 0.46614000000000005 0.7566133328125 0.46614000000000005 0.7430666671874999 0.47438 0.7372533328124999 0.47728000000000004 0.72176 0.46180000000000004 0.7294933328125001 0.42935999999999996 0.7256266671875 0.42451999999999995 0.7353066671875 0.4192 0.7559733328125 0.41726 0.78888 0.41436 0.78888 0.41678 0.79016 0.4192 0.7953333328125 0.4192 0.8205066671875001
0 0.3739 0.7666933328125001 0.38361999999999996 0.7681066671875 0.38658000000000003 0.7697866671875 0.39228 0.7709333328125 0.39672 0.7729066671875 0.4003 0.7757066671875 0.40326000000000006 0.7805066671875001 0.40346000000000004 0.78416 0.40388 0.78952 0.40326000000000006 0.79288 0.40937999999999997 0.7914666671874999 0.40896 0.7796533328125 0.40812 0.7627733328125 0.40896 0.7517866671875 0.41150000000000003 0.7357333328125 0.41022 0.7323466671875 0.39608 0.7346133328125 0.38996 0.7365866671875 0.38468 0.7365866671875 0.37856 0.73544 0.37094 0.7340533328125 0.36736 0.7332 0.36334 0.7323466671875 0.35934 0.73376 0.3547 0.7621866671874999 0.36082000000000003 0.7653066671875 0.36778 0.7655733328125 0.3739 0.7666933328125001
1 0.49394 0.7938666671875 0.4967 0.7938666671875 0.4967 0.7606933328125 0.47458 0.7631466671875 0.46075999999999995 0.7680533328125 0.46536 0.7828 0.49394 0.7938666671875