1 0.39934375 0.694972221875 0.43484375000000003 0.6928611109375 0.435234375 0.68305555625 0.341359375 0.68305555625 0.340171875 0.6928611109375 0.392234375 0.694972221875 0.39264062499999997 0.8128055562500001 0.392234375 0.828222221875 0.396578125 0.828222221875 0.39934375 0.694972221875
1 0.617609375 0.81175 0.6232031250000001 0.8092499999999999 0.6213437500000001 0.693027778125 0.6465468750000001 0.6913611109375 0.6465468750000001 0.684722221875 0.5765156250000001 0.68225 0.574640625 0.68555555625 0.616203125 0.693027778125 0.617609375 0.81175
0 0.42857812500000003 0.8050277781249999 0.431140625 0.764027778125 0.46029687499999994 0.7628888890625001 0.4609375 0.7873611109375 0.466703125 0.78680555625 0.46606249999999994 0.764027778125 0.481125 0.7668611109375 0.481453125 0.7890833328125 0.48978124999999995 0.7856666671875 0.49106249999999996 0.774277778125 0.49201562499999996 0.73269444375 0.49554687499999994 0.6808333328125 0.48048437499999996 0.674 0.4734375 0.6950833328125 0.42665625 0.6973611109375 0.42281250000000004 0.7321111109375 0.42504687499999994 0.8056111109374999 0.42857812500000003 0.8050277781249999
0 0.228453125 0.7456111109375 0.263390625 0.7456111109375 0.2661875 0.8093888890625 0.27131249999999996 0.80525 0.272703125 0.8027777781250001 0.27178125 0.8019444437500001 0.272703125 0.7398333328125 0.27503125 0.67769444375 0.226125 0.67355555625 0.221 0.73569444375 0.21959374999999998 0.7373333328125 0.21726562500000002 0.739 0.21400000000000002 0.743972221875 0.22332812500000002 0.7505833328125 0.22145312499999997 0.75555555625 0.2200625 0.75805555625 0.21959374999999998 0.7770833328125 0.21726562500000002 0.781222221875 0.22751562500000003 0.7911666671875001 0.228453125 0.7878611109375 0.228453125 0.7456111109375
0 0.35359375000000004 0.7794166671875 0.355828125 0.7401111109375 0.3523125 0.7298611109375 0.313859375 0.7235833328125 0.31096875 0.69680555625 0.302640625 0.6711666671875001 0.29271875 0.669472221875 0.285015625 0.6700277781249999 0.293359375 0.7218888890625 0.29303124999999997 0.7509166671874999 0.294640625 0.75205555625 0.308734375 0.753777778125 0.309046875 0.7566111109375 0.313546875 0.78169444375 0.35359375000000004 0.7794166671875
0 0.70609375 0.7881388890625 0.70409375 0.744777778125 0.7087656250000001 0.674722221875 0.668015625 0.6741111109375 0.664671875 0.7293611109375 0.6275937500000001 0.7311388890625 0.627921875 0.8035833328124999 0.676703125 0.8095277781249999 0.70609375 0.7881388890625
0 0.542890625 0.7496388890625 0.5696718749999999 0.7501666671875 0.570546875 0.8141388890625001 0.577734375 0.8146666671875 0.577734375 0.75119444375 0.60625 0.7491388890625 0.6071093750000001 0.8033888890625001 0.6105625 0.80955555625 0.613734375 0.806972221875 0.612296875 0.7476111109375 0.6134375000000001 0.7394166671875 0.6134375000000001 0.731222221875 0.609703125 0.7266111109375 0.57803125 0.7250833328125 0.5783125 0.70819444375 0.5754374999999999 0.6754166671874999 0.533109375 0.6754166671874999 0.533109375 0.677972221875 0.534546875 0.7010277781250001 0.5365624999999999 0.784472221875 0.5371406249999999 0.78855555625 0.54059375 0.78905555625 0.542890625 0.7496388890625
0 0.9205781249999999 0.7548888890625001 0.9205781249999999 0.8050277781249999 0.92378125 0.8061666671875001 0.9250624999999999 0.8038888890625 0.92665625 0.7571666671874999 0.9285781249999999 0.7588888890625001 0.9282656250000001 0.8061666671875001 0.934671875 0.8135833328125001 0.933390625 0.75944444375 0.9772968750000001 0.7577499999999999 0.9779375 0.7833888890625 0.976 0.8095833328125 0.9766406249999999 0.815277778125 0.97953125 0.8061666671875001 0.982734375 0.804472221875 0.982734375 0.8078888890625 0.9881875000000001 0.8141388890625001 0.986578125 0.7896388890625 0.9875468749999999 0.765722221875 0.9923437500000001 0.67230555625 0.9747187500000001 0.6705833328125 0.970875 0.6911111109375 0.9375625 0.694527778125 0.93371875 0.7235833328125 0.9253750000000001 0.73155555625 0.9215312499999999 0.7321111109375 0.9215312499999999 0.73894444375 0.9205781249999999 0.7548888890625001
0 0.8027031250000001 0.76569444375 0.801984375 0.7521388890625 0.8266718750000001 0.7514722218750001 0.8273906249999999 0.74825 0.8212187500000001 0.7276111109375 0.80996875 0.72630555625 0.809609375 0.719222221875 0.8045312499999999 0.70630555625 0.8027031250000001 0.69469444375 0.80234375 0.6843611109375 0.80234375 0.6779166671875 0.7990781250000001 0.6753333328125 0.787828125 0.6753333328125 0.7863749999999999 0.6791944437499999 0.789640625 0.69469444375 0.793640625 0.70694444375 0.7921875 0.7385833328125 0.7965312499999999 0.74825 0.797984375 0.779222221875 0.8012499999999999 0.78569444375 0.8030781250000001 0.779222221875 0.8027031250000001 0.76569444375
0 0.313484375 0.7178333328125001 0.313671875 0.723027778125 0.313671875 0.734777778125 0.324953125 0.73375 0.324171875 0.7171388890625 0.32223437499999996 0.702277778125 0.318921875 0.68394444375 0.3175625 0.6763333328125001 0.31328125 0.6732222218749999 0.307453125 0.6759999999999999 0.3061875 0.6788333328125 0.307546875 0.68144444375 0.309953125 0.6936666671875 0.310359375 0.69569444375 0.313484375 0.7178333328125001
0 0.6173437500000001 0.7366666671875 0.61834375 0.6951111109375 0.589953125 0.687972221875 0.591296875 0.726 0.6023125 0.723027778125 0.6133437500000001 0.7283611109375 0.6173437500000001 0.7366666671875
0 0.7580625000000001 0.6852222218749999 0.75925 0.6901388890625 0.760828125 0.70344444375 0.761609375 0.713972221875 0.762 0.728 0.762796875 0.742722221875 0.7655624999999999 0.7637777781249999 0.767140625 0.7714722218750001 0.77146875 0.77219444375 0.77265625 0.76305555625 0.772265625 0.7483333328125 0.7758125 0.749027778125 0.7892187500000001 0.7413333328125 0.791984375 0.775 0.79475 0.775 0.79278125 0.7546388890625 0.79278125 0.7406111109375 0.788046875 0.728 0.7833125 0.7258888890625 0.77896875 0.7181944437500001 0.771875 0.6852222218749999 0.764375 0.67330555625 0.75609375 0.67469444375 0.7580625000000001 0.6852222218749999
1 0.43043750000000003 0.6948888890625 0.42648437499999997 0.6948888890625 0.42535937500000004 0.7024166671875001 0.426765625 0.7029166671875 0.454421875 0.7029166671875 0.47503124999999996 0.7009166671875 0.47503124999999996 0.6928888890625 0.43043750000000003 0.6948888890625
1 0.818 0.7006666671875 0.819546875 0.7072222218750001 0.8204687500000001 0.7268888890625 0.8216875 0.72744444375 0.82415625 0.7181666671875 0.834609375 0.7285277781249999 0.8407500000000001 0.70394444375 0.854890625 0.7012222218749999 0.85059375 0.6919166671875 0.8422890625000001 0.6913750000000001 0.8358281249999999 0.70230555625 0.8321406250000001 0.7034166671875 0.833984375 0.6908333328125 0.8239479171875 0.69976851875 0.823234375 0.6919166671875 0.8075625000000001 0.692472221875 0.806015625 0.6968333328125 0.806328125 0.7012222218749999 0.8157552078125001 0.69612036875 0.818 0.7006666671875
0 0.23395312499999998 0.7682361109375 0.22979687499999998 0.77094444375 0.232015625 0.7738888890625 0.23478125 0.785222221875 0.22896875 0.7911111109375 0.23090625 0.7935833328124999 0.23893749999999997 0.78619444375 0.23921874999999998 0.765527778125 0.249453125 0.752722221875 0.26025 0.753722221875 0.2630234375 0.77094444375 0.26301562500000003 0.79555555625 0.2660625 0.797527778125 0.263296875 0.7876666671875 0.265234375 0.7822638890625 0.26786328125000003 0.78386805625 0.2696640625 0.7702083328125 0.26440625 0.767 0.26275 0.754222221875 0.27146484375 0.7565486109374999 0.278515625 0.7423888890625 0.27326562499999996 0.7428888890625001 0.27326562499999996 0.7296111109375001 0.279625 0.72369444375 0.273953125 0.7155833328125001 0.2799010421875 0.7081111109375 0.274640625 0.70155555625 0.2801770828125 0.692527778125 0.280453125 0.67694444375 0.2776875 0.67694444375 0.274921875 0.6833611109375 0.265234375 0.7463333328124999 0.2473828125 0.7446111109375 0.23810937499999998 0.750777778125 0.23645312500000001 0.7448611109375001 0.22979687499999998 0.7448611109375001 0.22896875 0.750777778125 0.23312499999999997 0.75125 0.231734375 0.7566666671875 0.23395312499999998 0.7682361109375
0 0.5290781250000001 0.74105555625 0.529375 0.7855555562500001 0.533984375 0.7825 0.53340625 0.772777778125 0.5336875 0.7354166671875 0.5348437500000001 0.7338888890625 0.532828125 0.6775833328124999 0.5310937499999999 0.6699166671875 0.51325 0.6699166671875 0.512390625 0.7405277781249999 0.51325 0.7425833328125 0.5290781250000001 0.74105555625
1 0.87896875 0.6914166671875 0.88609375 0.6929166671875 0.888609375 0.774222221875 0.89196875 0.774222221875 0.8928125 0.68844444375 0.9221875 0.6929166671875 0.9326718749999999 0.6899166671875 0.933921875 0.68769444375 0.8911250000000001 0.683222221875 0.879796875 0.683222221875 0.87896875 0.6914166671875
1 0.17590625 0.73594444375 0.17590625 0.6991111109375 0.17625 0.6835 0.169578125 0.6816388890625 0.160796875 0.6816388890625 0.159046875 0.7116111109375 0.166421875 0.722222221875 0.17590625 0.73594444375