0 0.629078125 0.9116250000000001 0.669453125 0.9033333328125 0.71790625 0.9025000000000001 0.760765625 0.9016875000000001 0.8123125 0.9033333328125 0.804859375 0.8594375 0.79865625 0.8445208328125 0.7682187500000001 0.8528125 0.7439843749999999 0.8644166671875 0.7203906250000001 0.8644166671875 0.694296875 0.8602708328125 0.67628125 0.8445208328125 0.653921875 0.8254791671874999 0.621609375 0.7956666671875 0.58371875 0.7625416671874999 0.550796875 0.7376875 0.5172656250000001 0.7352083328125001 0.5017343750000001 0.747625 0.511671875 0.7973125 0.530921875 0.8279583328125 0.5501875 0.8801458328124999 0.558875 0.9339791671875 0.56321875 0.9240416671875 0.57875 0.9149375 0.629078125 0.9116250000000001
0 0.44428124999999996 1 0.451265625 0.986125 0.47090624999999997 0.9648125000000001 0.49421875000000004 0.9475 0.502859375 0.9408333328125 0.520515625 0.9443958328125 0.542484375 0.9461666671875 0.5608906250000001 0.9406041671875001 0.55746875 0.9166874999999999 0.5407968750000001 0.8506041671875 0.5248437499999999 0.8090208328124999 0.511859375 0.7912708328125 0.50253125 0.768625 0.494546875 0.7695208328125 0.46359374999999997 0.76375 0.43862500000000004 0.7428958328124999 0.4223125 0.7162499999999999 0.41765625 0.7016041671875 0.41531250000000003 0.68875 0.411328125 0.6780833328125 0.40599999999999997 0.6736458328125 0.39234375 0.6661041671875 0.38703125 0.6687708328124999 0.3936875 0.68475 0.407328125 0.7051666671875 0.4173125 0.7397916671875 0.412984375 0.7681875 0.412328125 0.7739583328124999 0.40700000000000003 0.8352083328125 0.407328125 0.8480833328124999 0.40800000000000003 0.851625 0.41065625 0.8533958328125 0.43462500000000004 1 0.44428124999999996 1
0 0.25782812499999996 0.706 0.263390625 0.6843541671875 0.2638125 0.6627083328125 0.256546875 0.6456041671875 0.24543750000000003 0.6427708328125 0.24501562500000001 0.6558541671875 0.251 0.6786458328125 0.24885937500000002 0.7088333328124999 0.24075000000000002 0.7225208328125 0.24203125 0.7264999999999999 0.251 0.7156666671874999 0.25782812499999996 0.706
0 0.18034375 1 0.17528125 0.9977499999999999 0.17696875 0.9865208328125 0.17359375 0.9393333328125 0.185390625 0.8786458328125001 0.21573437499999998 0.7573125 0.205625 0.7325833328125 0.13482812500000002 0.7730416671875 0.064046875 0.8516875 0.0050625 0.8921250000000001 0.010109375 0.905625 0.060671875 0.8898958328125 0.1028125 0.8584166671875 0.1045 0.9213541671875 0.094375 1 0.11629687500000001 0.99325 0.1550625 0.9752708328124999 0.158421875 1 0.18034375 1
0 0.226515625 0.7720208328125 0.224828125 0.8078125 0.21309375 0.8771666671875 0.186234375 0.8995416671875001 0.187921875 0.9107291671875 0.22315625 0.9085000000000001 0.23154687499999999 0.8883541671874999 0.2399375 0.9085000000000001 0.258390625 0.90625 0.253359375 0.8615208328125 0.258390625 0.8033541671875 0.26509375 0.7675625 0.275171875 0.7228125000000001 0.28690625000000003 0.6803125 0.28523437500000004 0.6758333328125 0.281875 0.6803125 0.26678125 0.6825416671875 0.25 0.7228125000000001 0.2164375 0.7518958328124999 0.214765625 0.7608333328125 0.20637500000000003 0.8078125 0.226515625 0.7720208328125
0 1 0.812375 0.955015625 0.8148958328125 0.90134375 0.8249375000000001 0.887234375 0.8324583328124999 0.8768750000000001 0.8387499999999999 0.8505 0.8525625 0.843921875 0.8626041671875001 0.8363906249999999 0.8914791671875 0.8335625 0.9052708328125 0.8796875 0.9165833328125 0.9145312499999999 0.9266249999999999 0.9352499999999999 0.9328958328124999 0.953140625 0.9354166671874999 0.9945625 0.9793541671874999 1 0.9818541671875 1 0.8236874999999999 1 0.812375
0 0.338578125 0.7392083328125 0.3390625 0.7508333328125001 0.34825 0.8108541671875 0.358421875 0.8108541671875 0.355515625 0.724375 0.34790625 0.72102430625 0.355212890625 0.7129192703125 0.35309375 0.6327291671874999 0.340515625 0.6578958328125 0.342921875 0.6908125 0.3414739578125 0.7134027765625001 0.33268749999999997 0.7143229171875001 0.309859375 0.7042708328125 0.2995 0.7055208328125 0.29290625000000003 0.7193333328125 0.310796875 0.7218333328125001 0.340296875 0.7176736109374999 0.338578125 0.7392083328125
0 0.823421875 0.6251666671875 0.8297343749999999 0.6246041671875 0.828265625 0.5990416671875 0.8230000000000001 0.5869791671875 0.82553125 0.57125 0.836265625 0.5706875 0.8358437500000001 0.55775 0.82615625 0.5532708328125 0.79603125 0.5552291671875 0.795609375 0.5768541671875 0.800453125 0.5836041671875 0.8008749999999999 0.6215208328124999 0.801296875 0.6209583328125 0.807203125 0.6170208328125 0.8059375 0.5900624999999999 0.82278125 0.5900624999999999 0.823421875 0.6251666671875
0 0.7673281249999999 0.5578333328125 0.764453125 0.5592291671875 0.76671875 0.5624583328125 0.782390625 0.5811458328125 0.786609375 0.5807291671875 0.7870625 0.587 0.7854062500000001 0.5888125 0.7890312500000001 0.5968333328125001 0.791578125 0.5972500000000001 0.794 0.6111041671875 0.7986718749999999 0.6342291671875 0.8012343749999999 0.6344166671875 0.8010781250000001 0.6281875 0.79971875 0.6125625 0.796859375 0.5918541671875001 0.7956562500000001 0.5868333328124999 0.79325 0.5679375 0.791578125 0.5661458328125 0.7884218749999999 0.5653333328125 0.77953125 0.5635208328125 0.77440625 0.5562916671875 0.77515625 0.5558125 0.77425 0.555625 0.7673281249999999 0.5578333328125
1 0.714609375 0.896625 0.6438125 0.896625 0.608421875 0.9011250000000001 0.589890625 0.9033749999999999 0.566296875 0.9123541671875 0.57471875 0.9348333328124999 0.5460625 0.9438124999999999 0.508984375 0.9438124999999999 0.4449375 0.9820208328125 0.9977499999999999 0.9820208328125 0.991015625 0.9775208328125 0.95225 0.9348333328124999 0.8157343750000001 0.9011250000000001 0.7516875 0.8876458328125001 0.714609375 0.896625
1 0.87015625 0.7303333328125 0.8735468750000001 0.7393333328125 0.8609843749999999 0.740625 0.84746875 0.736125 0.8498749999999999 0.72775 0.851328125 0.7135833328125 0.8353906249999999 0.7206666671875 0.8324999999999999 0.7303333328125 0.8339375 0.7657499999999999 0.8551875000000001 0.7818333328125 0.857609375 0.8352708328125 0.8682343749999999 0.8352708328125 0.8783749999999999 0.8262708328124999 0.892375 0.8204791671875 0.9001093750000001 0.8114583328125 0.9102499999999999 0.8133958328125 0.9160468749999999 0.8050208328125 0.92425 0.8063125 0.929078125 0.799875 0.97109375 0.8005208328125001 0.971578125 0.7966458328125 0.9662656249999999 0.7902083328125 0.9590156249999999 0.7760416671875 0.9585312500000001 0.7560833328125 0.9691562499999999 0.7483541671875 0.9691562499999999 0.7283958328125 0.975921875 0.710375 0.9706093750000001 0.7039166671875 0.9532187499999999 0.7000625 0.95178125 0.7354791671875 0.9276249999999999 0.7386874999999999 0.9257031250000001 0.7290416671875 0.928109375 0.7090833328125 0.91796875 0.7045625 0.915078125 0.7341875 0.908796875 0.7464166671875 0.88803125 0.740625 0.889484375 0.7283958328125 0.885140625 0.7245416671875 0.8798281250000001 0.7052083328125 0.87209375 0.7039166671875 0.8672656249999999 0.7206666671875 0.87015625 0.7303333328125
1 0.780234375 0.7505 0.83215625 0.7398541671875 0.8358281249999999 0.7190000000000001 0.8491406250000001 0.7136666671875 0.8498125 0.7074583328124999 0.8418125 0.6865833328125001 0.829828125 0.6839166671875 0.8008749999999999 0.6923541671875 0.78621875 0.7016875 0.78190625 0.7056666671875 0.764921875 0.7123333328125 0.780234375 0.7505
0 0.39234375 0.6210625000000001 0.38668749999999996 0.6425625 0.39190625 0.6635 0.40325 0.6722083328124999 0.415890625 0.6902291671875 0.4350625 0.6193333328125 0.4341875 0.6164166671875 0.40717187499999996 0.6129374999999999 0.39234375 0.6210625000000001