1 1 0.5513541671875 0.753953125 0.49254166718750003 0.55984375 0.44783333281250004 0.3621875 0.6125416671874999 0.0921875 0.8313541671875001 0.09571874999999999 1 0.99925 0.9984166671875 1 0.5513541671875
1 0.682390625 0.3320208328125 0.6989375 0.3320208328125 0.799546875 0.308125 0.671375 0.2824166671875 0.39159375 0.3007916671875 0.49771875000000004 0.376125 0.479796875 0.3632708328125 0.678265625 0.3706041671875 0.682390625 0.3320208328125
0 0.751265625 0.4379583328125 0.759015625 0.4024791671875 0.7648125 0.39279166718749997 0.773046875 0.3869791671875 0.774015625 0.3534166671875 0.79240625 0.3488958328125 0.8045 0.3527708328125 0.823859375 0.352125 0.8422656249999999 0.352125 0.8514531249999999 0.32116666718750003 0.846125 0.3153541671875 0.828703125 0.3134166671875 0.8253125000000001 0.32116666718750003 0.7914375 0.3185833328125 0.7444843750000001 0.32566666718750004 0.699484375 0.3347083328125 0.69803125 0.3327708328125 0.69221875 0.32566666718750004 0.6777031250000001 0.32437499999999997 0.674796875 0.3353541671875 0.6636562500000001 0.47474999999999995 0.7570781249999999 0.4915208328125 0.755140625 0.4805625 0.751265625 0.4379583328125
0 0.67340625 0.24425 0.671890625 0.24175 0.659890625 0.24175 0.662890625 0.2852916671875 0.673015625 0.2817916671875 0.67640625 0.2812916671875 0.67640625 0.2637708328125 0.695921875 0.25675 0.7244531249999999 0.2597708328125 0.73496875 0.2617708328125 0.7409687500000001 0.26427083281249997 0.741359375 0.28279166718750004 0.750359375 0.28279166718750004 0.751484375 0.24175 0.743609375 0.24125000000000002 0.742484375 0.24474999999999997 0.726703125 0.24075000000000002 0.699671875 0.2397291671875 0.67415625 0.24425 0.67340625 0.24425
0 0.7143125 0.2230625 0.72784375 0.22537500000000002 0.7375625 0.22814583281249998 0.7382500000000001 0.2101041671875 0.735125 0.2101041671875 0.7347812499999999 0.21472916718750001 0.72575 0.2091875 0.706671875 0.2101041671875 0.69834375 0.2128958328125 0.692796875 0.2128958328125 0.692796875 0.2295416671875 0.694875 0.228625 0.7018125000000001 0.22537500000000002 0.7143125 0.2230625
0 0.6123125 0.22189583281249997 0.625078125 0.23039583281249998 0.623484375 0.23783333281250002 0.63225 0.23783333281250002 0.633046875 0.23358333281250002 0.6354375 0.2155208328125 0.62746875 0.2070208328125 0.613109375 0.20489583281249998 0.5931875 0.2070208328125 0.584421875 0.20808333281250002 0.57803125 0.2059583328125 0.5804218750000001 0.2367708328125 0.5892031249999999 0.2325208328125 0.59478125 0.22402083281250001 0.6123125 0.22189583281249997
0 0.547375 0.2687916671875 0.5602031249999999 0.2723958328125 0.562890625 0.2841041671875 0.5669531250000001 0.2913125 0.573703125 0.28860416718750004 0.5743750000000001 0.2787083328125 0.5743750000000001 0.2498958328125 0.570328125 0.2517083328125 0.53725 0.2462916671875 0.502140625 0.2417916671875 0.47581249999999997 0.2526041671875 0.46434375 0.2526041671875 0.46365625 0.2697083328125 0.471765625 0.3003125 0.48256249999999995 0.2931041671875 0.48256249999999995 0.2822916671875 0.49673437500000006 0.2697083328125 0.5271250000000001 0.267 0.547375 0.2687916671875
0 0.822265625 0.26675 0.8366093749999999 0.26675 0.833421875 0.27737500000000004 0.8413906250000001 0.27737500000000004 0.8581406250000001 0.2252916671875 0.8533593749999999 0.2221041671875 0.851765625 0.2210416671875 0.849375 0.2252916671875 0.84059375 0.2242291671875 0.83421875 0.2210416671875 0.8278437500000001 0.2199791671875 0.8190781250000001 0.2242291671875 0.811890625 0.2242291671875 0.8063125 0.2263541671875 0.8047187499999999 0.22316666718749997 0.800734375 0.22316666718749997 0.7991406249999999 0.22316666718749997 0.79834375 0.2295416671875 0.7911718750000001 0.2784375 0.7999375 0.2784375 0.80153125 0.273125 0.822265625 0.26675
0 0.9729218749999999 0.2726041671875 0.976796875 0.2545416671875 0.9613125 0.2558333328125 0.9390468750000001 0.2545416671875 0.929359375 0.2584166671875 0.928890625 0.2526041671875 0.9240468749999999 0.2506666671875 0.917265625 0.25325000000000003 0.9119375 0.29520833281250003 0.965671875 0.29133333281249996 0.9680937500000001 0.28875 0.9729218749999999 0.2726041671875
0 0.5254895828125 0.2335138890625 0.5256375 0.2452541671875 0.53557421875 0.24622916718750001 0.5266625 0.2569916671875 0.530625 0.29122916718749997 0.563640625 0.29025 0.55996875 0.2755833328125 0.55703125 0.2716666671875 0.5528164062500001 0.2481875 0.5614375 0.2491666671875 0.55996875 0.2168958328125 0.5475 0.2139583328125 0.5276875000000001 0.2149375 0.5225625 0.2100416671875 0.5246125 0.23351666718750003 0.5254895828125 0.2335138890625
0 0.75621875 0.2339791671875 0.756375 0.2245208328125 0.7713281249999999 0.2222916671875 0.787640625 0.22712500000000002 0.78734375 0.2341875 0.794734375 0.23660416718750002 0.794734375 0.2134375 0.79353125 0.21222916718749998 0.789296875 0.2134375 0.789296875 0.2156458328125 0.785984375 0.2136458328125 0.76059375 0.2120208328125 0.7553124999999999 0.2150416671875 0.7553124999999999 0.2138333328125 0.749578125 0.2132291671875 0.748515625 0.2120208328125 0.749421875 0.2353958328125 0.75621875 0.2339791671875
0 0.8749687500000001 0.2203541671875 0.8657812500000001 0.2843333328125 0.886203125 0.2829791671875 0.8994687499999999 0.2203541671875 0.8749687500000001 0.2203541671875
0 0.9602499999999999 0.3255 0.9692187499999999 0.29704166718749997 0.954375 0.3011666671875 0.9556093750000001 0.2925 0.933640625 0.2925 0.9194218749999999 0.353125 0.940453125 0.3564166671875 0.946328125 0.3258958328125 0.9602499999999999 0.3255
0 0.41646875000000005 0.25997916718749997 0.419859375 0.20233333281250002 0.39696875 0.20233333281250002 0.40374999999999994 0.23737499999999997 0.41646875000000005 0.25997916718749997
1 0.932625 0.2919791671875 0.929859375 0.29075 0.909171875 0.2938125 0.86825 0.284 0.851703125 0.27970833281249996 0.751015625 0.2815416671875 0.782265625 0.2876875 0.778140625 0.29870833281250003 0.75790625 0.296875 0.75790625 0.29870833281250003 0.797453125 0.3072916671875 0.798359375 0.30914583281249997 0.796984375 0.3128125 0.794234375 0.3177291671875 0.82825 0.3207916671875 0.8319218749999999 0.31404166718750004 0.840203125 0.3128125 0.852625 0.3171041671875 0.843421875 0.3520416671875 0.86365625 0.35143749999999996 0.9202031249999999 0.3520416671875 0.9234218750000001 0.3330416671875 0.932625 0.2962708328125 0.932625 0.2919791671875
0 0.8256249999999999 0.219875 0.828078125 0.219875 0.831609375 0.2204166671875 0.8352812500000001 0.2209583328125 0.8380000000000001 0.2209583328125 0.83990625 0.221875 0.842625 0.22258333281249998 0.8420937500000001 0.21225 0.8412656249999999 0.21225 0.8371875 0.212625 0.8367812499999999 0.2140625 0.834734375 0.2140625 0.8340624999999999 0.21316666718750002 0.831890625 0.21316666718750002 0.82521875 0.21116666718750002 0.821140625 0.21135416718750002 0.8182812500000001 0.21135416718750002 0.81175 0.21135416718750002 0.798140625 0.2124375 0.797875 0.22204166718749999 0.800453125 0.2222291671875 0.8048125 0.22149999999999997 0.8055 0.2238541671875 0.809984375 0.22331249999999997 0.8128437500000001 0.22131249999999997 0.8165156250000001 0.221875 0.8227656250000001 0.22149999999999997 0.8214062500000001 0.2209583328125 0.82440625 0.2202291671875 0.8256249999999999 0.219875
0 0 0.7333333328125 0.03125 0.8041666671875 0.0359375 0.8354166671875 0.0453125 0.85 0.0515625 0.8541666671874999 0.0609375 0.85625 0.0734375 0.8520833328125 0.08125 0.84375 0.0875 0.8270833328125 0.0859375 0.7916666671875 0.0671875 0.7354166671875 0.05625 0.7145833328125 0.0546875 0.68125 0.0515625 0.68125 0.0390625 0.6645833328124999 0.03125 0.6604166671875 0.031556371875 0.65637255 0.2234681375 0.5306372546875 0.3625 0.4791666671875 0.3765625 0.48333333281249996 0.3828125 0.525 0.3765625 0.5354166671875 0.3765625 0.54375 0.3625 0.54375 0.365625 0.5479166671875 0.375 0.5458333328125 0.38125 0.5541666671875001 0.384375 0.5875 0.3875 0.5916666671875 0.39375 0.5916666671875 0.4015625 0.5770833328125 0.4125 0.575 0.428125 0.55625 0.434375 0.5625 0.45 0.5625 0.4703125 0.5458333328125 0.4703125 0.5375 0.4671875 0.5333333328125 0.4453125 0.5333333328125 0.4484375 0.49583333281249997 0.4375 0.48333333281249996 0.4328125 0.47291666718750003 0.428125 0.47291666718750003 0.4234375 0.46458333281249997 0.4171875 0.4604166671875 0.396875 0.4625 0.3921875 0.44166666718750003 0.3890625 0.4375 0.3828125 0.4375 0.3798295453125 0.42784090781249995 0.44375 0.384375 0.678125 0.2833333328125 0.6828125 0.2833333328125 0.6921875 0.2916666671875 0.7 0.29375 0.7375 0.29375 0.736305146875 0.3018382359375 0.7453125 0.30416666718749996 0.7422794125000001 0.309313725 0.7421875 0.3166666671875 0.7453125 0.32083333281250004 0.754227940625 0.32426470625000003 0.7661764703125 0.3392156859375 0.7734375 0.3659722234375 0.7703125 0.3895833328125 0.771875 0.45416666718750004 0.7765625 0.46666666718750005 0.7859375 0.4791666671875 0.7984375 0.48125 0.8109375 0.4770833328125 0.81875 0.46875 0.825 0.45416666718750004 0.8359375 0.45416666718750004 0.840625 0.4604166671875 0.846875 0.4604166671875 0.85 0.45625 0.8796875 0.46666666718750005 0.88125 0.49583333281249997 0.890625 0.5104166671875 0.896875 0.5145833328125 0.9140625 0.5145833328125 0.9265625 0.5041666671875 0.9375 0.475 0.9421875 0.40416666718750005 0.9484375 0.3729166671875 0.9546875 0.36875 0.9546875 0.3604166671875 0.9515625 0.35625 0.9265625 0.35625 0.9203125 0.3541666671875 0.921875 0.3416666671875 0.909375 0.3416666671875 0.8890625 0.33541666718749996 0.85 0.33541666718749996 0.846875 0.3375 0.840625 0.3541666671875 0.803125 0.3541666671875 0.7953125 0.35 0.7796875 0.35208333281250004 0.775 0.3541666671875 0.7721507359374999 0.3466911765625 0.7771874999999999 0.34125 0.771875 0.3229166671875 0.778125 0.32083333281250004 0.778125 0.3083333328125 0.7734375 0.3020833328125 0.7671875 0.3020833328125 0.7596875 0.2654166671875 0.75625 0.2666666671875 0.7571875 0.2545833328125 0.7546875 0.24375 0.7484375 0.23125 0.7390625 0.22291666718749997 0.7375 0.22916666718749998 0.725 0.225 0.7046875 0.225 0.69375 0.22916666718749998 0.6921875 0.2208333328125 0.6875 0.225 0.6825367640625 0.2345588234375 0.678125 0.225 0.35851715624999997 0.44215686249999997 0.02265625 0.6604166671875 0.0140625 0.6604166671875 0.0173406859375 0.665686275 0.003125 0.675 0.0046875 0.6916666671875 0 0.7125 0 0.7333333328125