0 0.14412 0.272228915625 0.13491999999999998 0.3184638546875 0.12365999999999999 0.424849396875 0.13184 0.42795180781250003 0.17178 0.42024096406250006 0.17996 0.3847590359375 0.19942 0.3092168671875 0.20044 0.2922590359375 0.2117 0.289186746875 0.2291 0.3169277109375 0.25982 0.296897590625 0.2465 0.2737650609375 0.26596000000000003 0.18894578281250002 0.268 0.150391565625 0.26084 0.11033132500000001 0.20146000000000003 0.09798192812499999 0.182 0.116475903125 0.15744 0.22596385468750002 0.19942 0.22596385468750002 0.1984 0.25834337343749997 0.14412 0.272228915625
0 0.23178 0.312168675 0.23704 0.327981928125 0.23178 0.34777108437500004 0.20156000000000002 0.3695481921875 0.18184 0.40120481874999997 0.1674 0.48629518125000004 0.15556 0.49620481875 0.13718 0.529849396875 0.13454 0.670331325 0.12798 0.759397590625 0.149 0.7811746984375 0.149 0.7296987953125 0.16870000000000002 0.7554216874999999 0.16214 0.798975903125 0.1766 0.798975903125 0.18842 0.597108434375 0.33032 0.5694277109375 0.34084 0.539728915625 0.36053999999999997 0.5377409640625 0.36185999999999996 0.52587349375 0.36318 0.4764156625 0.3553 0.4506927703125 0.35924 0.367560240625 0.38026 0.326024096875 0.38288 0.2686144578125 0.43282 0.19737951874999998 0.44728 0.1320783125 0.39472 0.106355421875 0.38288 0.14394578281249998 0.27252 0.181566265625 0.24491999999999997 0.264668675 0.25806 0.2290361453125 0.25148000000000004 0.2824698796875 0.23178 0.312168675
0 0.78304 0.4055120484375 0.8031200000000001 0.4055120484375 0.8518800000000001 0.3990361453125 0.8604799999999999 0.390391565625 0.87912 0.375271084375 0.86478 0.3450301203125 0.7945 0.31478915625 0.75004 0.31262048125 0.70272 0.31048192812500003 0.67404 0.31478915625 0.6181 0.1722590359375 0.61668 0.1679216875 0.5966 0.13768072343749999 0.57508 0.126897590625 0.53492 0.11394578281250001 0.51772 0.14849397656250002 0.52058 0.1528012046875 0.62242 0.46382530156249996 0.7142000000000001 0.42280120468750004 0.73858 0.4076807234375 0.78304 0.4055120484375
0 0.46265999999999996 0.11397590312500001 0.49692 0.13548192812499998 0.50122 0.12903614531250002 0.5212 0.04087349375 0.5155000000000001 0.0171987953125 0.49978 0.0171987953125 0.42268 0.0064457828125 0.41981999999999997 0.0193674703125 0.40412 0.10108433750000001 0.41554 0.0946385546875 0.44980000000000003 0.0946385546875 0.46265999999999996 0.11397590312500001
0 0.81918 0.1321987953125 0.82516 0.08951807187500001 0.84306 0.0940060234375 0.85052 0.13445783125 0.86394 0.1299698796875 0.8654400000000001 0.09626506093750001 0.88186 0.12771084375 0.89678 0.13445783125 0.8833399999999999 0.082771084375 0.8907999999999999 0.0603012046875 0.8654400000000001 0.037831325 0.8475400000000001 0.033343373437500004 0.79382 0.053554217187499996 0.7774 0.02433735 0.76844 0.0086144578125 0.71772 0.013102409374999999 0.73562 0.0917469875 0.76398 0.125481928125 0.80426 0.1367168671875 0.81918 0.1321987953125
0 0.9379169234375 0.23229842500000003 0.9348307703125001 0.2477085265625 0.9253 0.22987951875 0.90266 0.26695783125 0.9046200000000001 0.3440361453125 0.9194000000000001 0.3247590359375 0.9224861546875 0.309348934375 0.9302199999999999 0.3247590359375 0.9518800000000001 0.3218072296875 0.96172 0.3232831328125 0.96074 0.3129216875 0.97156 0.3114156625 0.9883 0.3232831328125 0.99716 0.284728915625 0.9996449999999999 0.1744841875 0.99422 0.16762048125 0.99914 0.16316265000000002 1 0.1587349390625 0.99792 0.13186747031249998 1 0.031024096875 0.99596 0.02512048125 0.9693799999999999 0.0814457828125 0.9440892296875001 0.20147822031249998 0.94794 0.20912650625 0.9366199999999999 0.2195030125 0.9379169234375 0.23229842500000003
1 0.7148399999999999 0.22409638593749998 0.9167400000000001 0.2308433734375 1 0.15879518125 0.99002 0.1317469875 0.8015800000000001 0.1317469875 0.74924 0.1340060234375 0.7298 0.129518071875 0.63558 0.18581325312500002 0.67298 0.23762048125000002 0.67596 0.2713855421875 0.7148399999999999 0.22409638593749998
1 0.00298 0.2809036140625 0.00298 0.3190963859375 0.01642 0.321355421875 0.0179 0.408975903125 0.020880000000000003 0.43144578281249996 0.040279999999999996 0.43370481875 0.04178 0.4224698796875 0.04328 0.40448795156250006 0.04774 0.348313253125 0.058199999999999995 0.3168674703125 0.07014000000000001 0.3235843375 0.08653999999999999 0.312349396875 0.09698 0.3348192765625 0.09998 0.4292168671875 0.12684 0.424728915625 0.1343 0.2921385546875 0.19397999999999999 0.2629216875 0.19696 0.2314457828125 0.02984 0.23819277031250002 0.03282 0.2561746984375 0.026860000000000002 0.278644578125 0.00298 0.2809036140625
1 0.21187999999999999 0.08987951875 0.24172 0.08987951875 0.26858 0.128102409375 0.36258 0.0921385546875 0.36408 0.085391565625 0.15518 0.071897590625 0.14323999999999998 0.10111445781249999 0.12982 0.10111445781249999 0.1149 0.078644578125 0.00298 0.11460843437499998 0.17756 0.1325903609375 0.18652 0.128102409375 0.19696 0.09662650625 0.21187999999999999 0.08987951875
0 0.36669999999999997 0.0841566265625 0.36669999999999997 0.1018072296875 0.36172 0.10554216875 0.34042 0.11518072343750001 0.33474 0.1215963859375 0.34077999999999997 0.125331325 0.32658 0.13388554218749998 0.32408000000000003 0.1408433734375 0.30314 0.1472590359375 0.30242 0.15903614531250002 0.33758 0.15527108437499998 0.38054 0.142981928125 0.38445999999999997 0.13548192812499998 0.39368 0.10448795156249999 0.40149999999999997 0.10981927656249998 0.40292000000000006 0.098524096875 0.41037999999999997 0.0567469875 0.42103999999999997 0.005933734375 0.42636 0.0080722890625 0.42636 0.0032530125 0.42103999999999997 0 0.39688 0.0016566265625 0.3564 0.0011144578125000001 0.3422 0.008132529687499999 0.33154 0.0396987953125 0.32906 0.0781927703125 0.33048 0.0804216875 0.36422 0.0804216875 0.36669999999999997 0.0841566265625
0 0.11077999999999999 0.2390963859375 0.11077999999999999 0.23310240937499999 0.07792 0.2031325296875 0.05106000000000001 0.20162650625 0.01722 0.20611445781249998 0.01722 0.21361445781250002 0.0431 0.23310240937499999 0.11077999999999999 0.2390963859375