0 1 0.6940046843750001 0.94434375 0.6940046843750001 0.9286406250000001 0.828899296875 1 0.841756440625 1 0.6940046843750001
1 0.019885087500000002 0.98293155 0.0209270828125 0.9888290390625001 0.02747606875 0.97998280625 0.0290390625 0.9888290390625001 0.05337499999999999 0.9888290390625001 0.058756696875 0.9787454 0.0578399921875 0.9681878296875001 0.0641383921875 0.968661759375 0.0695200890625 0.95857811875 0.0730219546875 0.9622903390624999 0.2703874609375 0.88562298125 0.282578125 0.9935363 0.33909375 0.9958782203125001 1 1 0.99528125 0.8429508203125 0.604390625 0.7558782203125001 0.2779784421875 0.8826742359375 0.12715625 0.73 0.1248994140625 0.7417652218749999 0.1193072921875 0.7341178765625 0.032968750000000005 0.7794145203125 0.0062812499999999995 0.9535363 0.0057552078125000005 0.9653005453124999 0.004703125 0.9888290390625001 0.01229410625 0.9858802953125 0.0128151046875 0.9888290390625001 0.019885087500000002 0.98293155
1 0.528671875 0.421756440625 0.596125 0.4179625296875 0.59021875 0.4091334890625 0.562390625 0.406604215625 0.5446875 0.39901639375000003 0.530359375 0.39648711875 0.516859375 0.3939578453125 0.503375 0.3939578453125 0.49071875 0.39901639375000003 0.4881875 0.407868853125 0.48650000000000004 0.4103981265625 0.513484375 0.42302107656250004 0.516015625 0.5329976578125 0.528671875 0.5089695546875 0.528671875 0.421756440625
1 0.031109375 0.54744730625 0.043866406250000003 0.5450398125 0.049562499999999995 0.5464168625 0.05182656249999999 0.5426323187500001 0.058065971875 0.5441399953125 0.05978671875 0.540224825 0.06656944375 0.5418631281249999 0.067746875 0.5378173296875 0.0750729171875 0.539586259375 0.07570703125 0.5354098359374999 0.0835763890625 0.53730939375 0.08366718749999999 0.5330023421875 0.0995875 0.528187353125 0.10058333281250001 0.5327556609374999 0.10754765625 0.5257798593749999 0.10908680625 0.5304787921874999 0.1155078125 0.523372365625 0.117590278125 0.5282019250000001 0.12346796874999999 0.520964871875 0.12609375 0.5259250578125 0.131428125 0.5185573765625 0.133884375 0.522444965625 0.13938828125 0.5161498828125 0.141675 0.518964871875 0.14734843749999998 0.5137423890624999 0.149465625 0.515484778125 0.15530859375 0.5113348953125 0.15725625000000001 0.512004684375 0.16326875000000002 0.5089273999999999 0.212875 0.5126229515625 0.22723437500000002 0.51159250625 0.226546875 0.5013583140625 0.195109375 0.49929742343749994 0.1791890625 0.5041124124999999 0.17665625000000001 0.49829039843749995 0.17122890625 0.50651990625 0.16504687499999998 0.508524590625 0.1683323859375 0.49735788750000004 0.08509375 0.4880327875 0.0803125 0.45320843125000004 0.068015625 0.44911007031250005 0.06459375 0.49009367656249997 0.03384375 0.48906323125 0.02975 0.46140515156250006 0.021546875 0.45730679218750003 0.020859375 0.491100703125 0 0.49622950781249997 0.000375 0.532084309375 0.031109375 0.54744730625
0 0.234265625 0.4858079625 0.20359375000000002 0.484847775 0.195109375 0.496580796875 0.195109375 0.497564403125 0.230359375 0.500491803125 0.234265625 0.4858079625
0 0.06671875000000001 0.7020140515625 0.09359375 0.7055269328125 0.09359375 0.7125292734374999 0.095921875 0.744051521875 0.105265625 0.7300468390625 0.105265625 0.6880093671874999 0.101765625 0.682763465625 0.090078125 0.674004684375 0.071390625 0.670515221875 0.029343750000000002 0.674004684375 0.009484375 0.6932786890625 0.009484375 0.707283371875 0.009484375 0.7755503515625 0.025828125 0.768548009375 0.022328124999999997 0.717775175 0.034015625 0.717775175 0.06321875 0.7020140515625 0.06671875000000001 0.7020140515625
0 1 0.5169789234375 0.9848281249999999 0.5109601875 0.9752656249999999 0.5068149890625 0.971859375 0.51512880625 0.984203125 0.531779859375 0.98575 0.5688056203125 1 0.5688056203125 1 0.5169789234375
0 0.12454687499999999 0.4728805625 0.11807812499999999 0.4870491796875 0.18426562500000002 0.4974941453125 0.18575 0.48107728281249995 0.12454687499999999 0.4728805625
0 0.590515625 0.5280562062499999 0.593390625 0.5280562062499999 0.604171875 0.4957611234375 0.572546875 0.498992975 0.582609375 0.5173067921875 0.586203125 0.523747071875 0.590515625 0.5280562062499999
1 0.951421875 0.6408665109375 0.998828125 0.64386416875 0.9993281250000001 0.57355971875 0.9993281250000001 0.572060890625 0.985359375 0.56906323125 0.985359375 0.6034660421875 0.9439375 0.5952459015625 0.951421875 0.6408665109375
1 0.9995625 0.5528571421875 0.98671875 0.5513583140625 0.986390625 0.5681498828125 0.9995625 0.57159250625 0.9995625 0.5528571421875
1 0.922625 0.45028102968750006 0.9999062500000001 0.4559016390625 1 0.42704917968749995 0.9194218749999999 0.42262295156249996 0.922625 0.45028102968750006