0 0.900828125 0.5097083328124999 0.90625 0.461125 0.9282656250000001 0.45533333281250005 0.9358437500000001 0.4601458328125 0.9398125 0.47024999999999995 0.9452187500000001 0.5684166671875001 0.9517187500000001 0.5713125 0.9549687499999999 0.5679375 0.951359375 0.5135625 0.9506406249999999 0.49143749999999997 0.947390625 0.4668958328125 0.9430624999999999 0.4452291671875 0.9383593749999999 0.4399375 0.93259375 0.428875 0.9315 0.42406249999999995 0.92465625 0.41491666718750003 0.91346875 0.4168541671875 0.8643750000000001 0.44427083281249996 0.8531875 0.4563125 0.8791718749999999 0.46352083281249995 0.898296875 0.45918749999999997 0.9001093750000001 0.4644791671875 0.9004687499999999 0.4644791671875 0.8885624999999999 0.5371458328125 0.886390625 0.5486875 0.8950625000000001 0.5501458328125 0.900828125 0.5097083328124999
0 0.9775729171875 0.3759166671875 0.9686562500000001 0.3775 0.964484375 0.40445833281250004 0.960921875 0.4012708328125 0.9389218749999999 0.4028541671875 0.932984375 0.41554166718749996 0.9532031249999999 0.4226875 0.95115625 0.4307261890625 0.9563072921875 0.43228703749999997 0.95446875 0.4403482140625 0.9594114578124999 0.441886575 0.95778125 0.4499702375 0.962515625 0.4514861109375 0.9610937500000001 0.4595922625 0.9656197921875 0.4610856484375 0.96440625 0.46921428593750003 0.9687239578125 0.4706851859375 0.9677187500000001 0.4788363109375 0.971828125 0.4802847234375 0.97103125 0.4884583328125 0.9749322921875001 0.48988425781249995 0.9748906249999999 0.5015416671875 0.97875 0.514625 0.9811406249999999 0.5090833328125 0.9780364578125 0.4994837953125 1 0.475 0.9964583328125001 0.4650902765625 1 0.4559791671875 0.9929166671875 0.45518055625000003 0.9893750000000001 0.4452708328125 0.9963242187500001 0.44488020781250004 0.9926484375 0.43378125 0.9858333328125 0.43536111093749996 0.9822916671874999 0.42545138906249996 0.98897265625 0.4226822921875 0.9852968750000001 0.41158333281250004 0.993625 0.4012708328125 0.9954062499999999 0.37275 0.9864895828125 0.3743333328125 0.98965625 0.36244444374999996 0.9839062500000001 0.3521388890625 0.9896796875 0.34025 1 0.3386666671875 0.9995625 0.2998333328125 0.9864843750000001 0.30062500000000003 0.9802382812499999 0.33153125 0.9793593749999999 0.3418333328125 0.97815625 0.3418333328125 0.9775729171875 0.3759166671875
0 0.47659375 0.3692916671875 0.47817187499999997 0.3619583328125 0.474640625 0.359875 0.43934375000000003 0.3671875 0.43423437500000006 0.37764583281249997 0.43384375000000003 0.41947916718749995 0.4844375 0.4105833328125 0.47620312499999995 0.3807916671875 0.47659375 0.3692916671875
1 0.8696406250000001 0.3535833328125 0.8776249999999999 0.3557083328125 0.9039999999999999 0.3493333328125 0.917578125 0.3493333328125 0.925578125 0.3493333328125 0.934359375 0.3493333328125 0.941546875 0.344 0.94315625 0.3397291671875 0.9383593749999999 0.33760416718749997 0.8704375000000001 0.34187500000000004 0.8696406250000001 0.344 0.8696406250000001 0.3471875 0.8696406250000001 0.3535833328125
1 0.494734375 0.40093750000000006 0.41690625 0.42027083281250005 0.41821875000000003 0.43785416718750003 0.41821875000000003 0.4765625 0.494734375 0.44666666718750003 0.494734375 0.40093750000000006
1 0.8954375000000001 0.3702916671875 0.897125 0.3896875 0.9994999999999999 0.3747708328125 0.9989375 0.3434375 0.995015625 0.3426875 0.847328125 0.3583541671875 0.849 0.3747708328125 0.8909687500000001 0.3702916671875 0.8954375000000001 0.3702916671875
1 0.01085546875 0.51265914375 0.22400000000000003 0.7508333328125001 0.2344375 0.7396874999999999 0.214609375 0.6088541671875001 0.23653125 0.5740416671874999 0.2264322921875 0.56755555625 0.23339062500000002 0.5615208328125 0.2194739578125 0.5735902765625001 0.21251562499999999 0.5691822921874999 0.21251562499999999 0.5378541671875 0.203125 0.5155833328125 0.18642187500000001 0.5058541671875 0.18328125 0.49749999999999994 0.184328125 0.46547916718750004 0.127953125 0.46966666718749994 0.101859375 0.46966666718749994 0.09559375 0.49470833281250004 0.0168295453125 0.5060909078125 0.02146875 0.4793958328125 0.0058125 0.4738333328125 0.0037343750000000003 0.4807916671875 0.004765625 0.5058541671875 0.008953125000000001 0.5072291671875 0.01085546875 0.51265914375
1 0.8484999999999999 0.3739166671875 0.8455468749999999 0.3805 0.838140625 0.390375 0.7534871812499999 0.41677069843750003 0.8305921875 0.40724097343750004 0.838140625 0.4015625 0.8386250000000001 0.4061875 0.8993593750000001 0.3956458328125 0.895421875 0.368 0.8484999999999999 0.3739166671875
1 0.7141875 0.3949791671875 0.60753125 0.40354166718749995 0.595171875 0.39827083281250003 0.5843125 0.40025000000000005 0.59665625 0.437125 0.6015937499999999 0.4377916671875 0.7070591515625 0.4225089296875 0.7207405203125 0.4208179921875 0.715171875 0.42133333281249996 0.7141875 0.3949791671875
0 0.12771875 0.4489375 0.11204687499999999 0.46237500000000004 0.111484375 0.4683333328125 0.169109375 0.46237500000000004 0.16798437500000002 0.45491666718749996 0.1556875 0.4459583328125 0.12771875 0.4489375
0 0.9161718750000001 0.3903958328125 0.908328125 0.3842291671875 0.9122708328125 0.39956944375000003 0.90340625 0.3978125 0.9006093749999999 0.4029583328125 0.90446875 0.4179166671875 0.9083697921875 0.40874305624999996 0.9121874999999999 0.4134739578125 0.93534375 0.40014583281249994 0.9270364578124999 0.38174305625 0.9363906249999999 0.3805 0.927875 0.362875 0.94096875 0.3325625 0.939578125 0.3081875 0.9222187500000001 0.3097291671875 0.91896875 0.31775000000000003 0.9230677078125 0.33596527656249997 0.9148125 0.33627083281250003 0.9239739578125 0.37204861093749997 0.9200729171875001 0.3812222234375 0.9176822921875001 0.3829861109375 0.9161718750000001 0.3903958328125