0 0.13682 0.9786133328125001 0.2973 0.8975199999999999 0.26858 0.7713866671875 0.25168 0.7083466671875 0.25676 0.7826666671875 0.27196 0.8930133328125001 0.21622 0.9200533328124999 0.13682 0.9786133328125001
0 0.60694 0.3690666671875 0.61174 0.36951999999999996 0.59014 0.3005333328125 0.61722 0.28730666718750003 0.6521600000000001 0.35672000000000004 0.65866 0.35672000000000004 0.6237199999999999 0.2854666671875 0.66174 0.2649066671875 0.66174 0.2585066671875 0.65696 0.2470933328125 0.6244 0.1808533328125 0.60316 0.1872533328125 0.61208 0.2470933328125 0.58364 0.2507466671875 0.55452 0.2649066671875 0.5641200000000001 0.29688 0.58124 0.3037333328125 0.60694 0.3690666671875
0 1 0.0756266671875 0.9964600000000001 0.06752 0.9957800000000001 0.049519999999999995 0.9957800000000001 0.04232 0.9944200000000001 0.03872 0.96 0.04592 0.93908 0.05312 0.9100400000000001 0.06933333281250001 0.9033 0.0909333328125 0.9087 0.1152266671875 0.9114000000000001 0.12693333281250002 0.91882 0.16024 0.9343400000000001 0.2007466671875 0.94178 0.22144 0.94514 0.2349333328125 0.94718 0.2232266671875 0.9404199999999999 0.19263999999999998 0.93096 0.1593333328125 0.9215199999999999 0.13053333281249999 0.933 0.12784 0.95258 0.12512 0.98092 0.2097333328125 0.9863200000000001 0.23674666718749998 0.99308 0.24304 0.98834 0.22144 0.98228 0.19442666718749999 0.9741799999999999 0.1620266671875 0.96608 0.13591999999999999 0.9613400000000001 0.12242666718749999 0.98092 0.1125333328125 0.9957800000000001 0.1044266671875 1 0.0972266671875 1 0.0756266671875
0 0.37102 1 0.37016 0.9961066671875001 0.37012 0.9961333328125 0.33948 0.9596533328125 0.31322 0.9202666671875 0.29735999999999996 0.8845333328124999 0.29462 0.88088 0.28759999999999997 0.8503466671875 0.2706 0.7811733328125 0.26914 0.7717866671875 0.26474000000000003 0.74208 0.24832 0.77608 0.24774 0.78664 0.25417999999999996 0.8269066671875 0.20379999999999998 0.8436266671875 0.18702000000000002 0.8510933328125001 0.17148000000000002 0.8598666671874999 0.16424 0.8672266671875001 0.15966 0.8696533328125 0.15476 0.8746133328125 0.12932 0.8886666671875 0.11866000000000002 0.9000533328125 0.11398 0.9205066671875001 0.11439999999999999 0.9364266671875001 0.1289 0.9671200000000001 0.13613999999999998 0.9773333328125 0.137 0.9801866671875 0.11100000000000002 0.9989333328125 0.16982 1 0.37102 1
0 0.6621 0.2624533328125 0.67552 0.30333333281249997 0.67872 0.33144 0.6796599999999999 0.3467466671875 0.6854199999999999 0.3471733328125 0.68606 0.3373866671875 0.6784 0.2884266671875 0.6966 0.3229066671875 0.7029799999999999 0.3199466671875 0.67296 0.268 0.6892400000000001 0.2548 0.66914 0.2156266671875 0.6668999999999999 0.20712000000000003 0.6522 0.2262666671875 0.6276200000000001 0.18029333281249998 0.62346 0.18072 0.64422 0.2224266671875 0.65636 0.24373333281249998 0.6621 0.2624533328125
0 0.42724399999999996 0.315552 0.43926 0.3673066671875 0.45382 0.3983466671875 0.45673 0.4141933328125 0.46546000000000004 0.4209866671875 0.45964 0.43004 0.466593334375 0.4354311125 0.46254999999999996 0.4458866671875 0.467726665625 0.44987555468749996 0.46546000000000004 0.46173333281250006 0.46886 0.46432 0.47613333437499994 0.41215111249999997 0.49748000000000003 0.39448 0.513 0.4507466671875 0.5052399999999999 0.3964 0.456723334375 0.3586888875 0.44702000000000003 0.3543733328125 0.44702000000000003 0.3511466671875 0.45097750000000003 0.32688 0.513 0.3776533328125 0.51834 0.3789333328125 0.50622 0.36149333281249996 0.53338 0.33042666718749997 0.5328999999999999 0.3207466671875 0.5193 0.2884 0.513 0.3000266671875 0.50718 0.29616 0.5033000000000001 0.3113466671875 0.49844666562500006 0.30694222187500003 0.4936 0.3226666671875 0.48971333437500003 0.3177244453125 0.48098 0.3285066671875 0.45382 0.2858133328125 0.4514 0.2851733328125 0.43329333437499995 0.2968 0.42424 0.30261333281249997 0.42424 0.30456 0.4331525 0.312 0.42724399999999996 0.315552
0 0.13378 0.7057866671874999 0.12382 0.6667466671875 0.2023 0.59568 0.2222 0.6518933328125 0.22864 0.6472266671875 0.21048 0.5902133328125 0.19292 0.5558666671875 0.1736 0.54728 0.10332 0.6074133328125 0.09278 0.6245866671875 0.06292 0.5574399999999999 0.05882 0.5558666671875 0.04536 0.5753866671875 0.10684 0.6589333328125 0.12616 0.70656 0.13378 0.7057866671874999
1 0.77186 0.1203733328125 0.77324 0.1304533328125 0.78514 0.13136 0.8089600000000001 0.1157866671875 0.83116 0.1048 0.83872 0.10266666718749999 0.8579399999999999 0.0846666671875 0.86046 0.08312 0.8787800000000001 0.06999999999999999 0.9138 0.04496 0.9128999999999999 0.035199999999999995 0.90602 0.0342933328125 0.87442 0.0507733328125 0.8327600000000001 0.07184 0.8162800000000001 0.0932 0.80162 0.10664 0.77186 0.1203733328125
1 0.48251999999999995 0.2782666671875 0.47306 0.28274666718749997 0.48724 0.28274666718749997 0.49534 0.2791466671875 0.51086 0.27376 0.51356 0.26656 0.50816 0.25666666718750003 0.49736 0.2611466671875 0.48251999999999995 0.2782666671875
1 0.11798 0.8202133328125001 0.1163 0.8382133328125001 0.11291999999999999 0.8674133328125 0.08932 0.89664 0.07416 0.8809066671875 0.0472 0.92136 0.0033799999999999998 0.9280799999999999 0.0033799999999999998 1 0.10786 0.9236000000000001 0.16854 0.8584266671874999 0.15506 0.8045066671875001 0.14326 0.79776 0.1382 0.80224 0.11798 0.8202133328125001
1 1 0.9042666671875 0.8716200000000001 0.9042666671875 0.81082 0.9222933328125 0.77364 0.8277066671875 0.75338 0.8277066671875 0.72972 0.8434666671875 0.72466 0.8727466671874999 0.74832 0.9673333328125 0.7196 0.9875999999999999 0.68412 0.9673333328125 0.6402 0.97184 0.62162 0.9898666671875 1 0.9898666671875 1 0.9042666671875
1 0.16116 0.52256 0.19122 0.51216 0.20068000000000003 0.5099466671874999 0.21514000000000003 0.48618666718750003 0.21404 0.46837333281250004 0.20901999999999998 0.4468533328125 0.20568 0.4357333328125 0.17674 0.458 0.15894 0.46616 0.15338000000000002 0.4787733328125 0.15226 0.51736 0.15448 0.504 0.15448 0.5240266671875 0.16116 0.52256