0 0.45517564374999997 0.586359375 0.45922716562500004 0.586359375 0.48756440312500005 0.518859375 0.47676815 0.49185937500000004 0.4457377046875 0.46485937499999996 0.36613583125 0.45856250000000004 0.36882903906250003 0.5044531250000001 0.3485948484375 0.577359375 0.45517564374999997 0.586359375
0 0.316932084375 0.530828125 0.3206978921875 0.539371875 0.3111367328125 0.5375973562499999 0.28767609375 0.555572115625 0.2717330203125 0.540875 0.277388759375 0.5484140625 0.2698536296875 0.54904296875 0.2679742390625 0.5572109375000001 0.283044496875 0.555953125 0.2798558828125 0.5615637015625 0.27203567031250003 0.5675552890625 0.2660948484375 0.56537890625 0.26421545625 0.573546875 0.25290398125 0.5886250000000001 0.2742544890625 0.5827656250000001 0.3018735359375 0.591140625 0.3018735359375 0.573546875 0.331995315625 0.5650031249999999 0.33576112343750003 0.573546875 0.3433021078125 0.57103125 0.3633697640625 0.5040312499999999 0.35805800625 0.5016478359375001 0.3658782203125 0.49565625 0.36213114687500003 0.488125 0.339531615625 0.45796875000000004 0.29056206093750003 0.45796875000000004 0.3131693984375 0.5216145828125 0.32677715625000003 0.5256141828125 0.31895694375 0.53160576875 0.316932084375 0.530828125
0 0.77384075 0.59365625 0.782716628125 0.571796875 0.820796253125 0.535140625 0.8110538640625 0.53040625 0.817259953125 0.5103125000000001 0.7818266984375 0.496125 0.7578922718750001 0.532765625 0.7286651046875 0.532765625 0.729531615625 0.540453125 0.7525761125 0.54459375 0.7162529281250001 0.60253125 0.718899296875 0.61140625 0.7339812640625001 0.5895312500000001 0.77384075 0.59365625
0 0.17913348906249998 0.52440625 0.18786885312499998 0.50434375 0.203372365625 0.50628125 0.193676815625 0.45971875000000006 0.1859250578125 0.44743750000000004 0.17428571406249999 0.42737499999999995 0.1393911 0.42350000000000004 0.10255269375 0.42609375 0.12194379375 0.469421875 0.115152225 0.47329687500000006 0.12679156875 0.49270312499999996 0.12580796249999998 0.5095156249999999 0.1713817328125 0.514703125 0.1704215453125 0.520515625 0.17913348906249998 0.52440625
0 0.3606089 0.44604687500000006 0.366276346875 0.45078125 0.3708899296875 0.44935937499999995 0.35173302031250003 0.42709374999999994 0.3144730671875 0.42615625 0.3038173296875 0.42828125000000006 0.3034660421875 0.43112500000000004 0.3173067921875 0.45456250000000004 0.3222716625 0.454796875 0.3233255265625 0.448640625 0.3606089 0.44604687500000006
1 0.29386416875 0.44037499999999996 0.3010538640625 0.43075 0.358688525 0.42595312500000004 0.3676814984375 0.439171875 0.481147540625 0.44517187500000005 0.4757377046875 0.41754687500000004 0.47395784531249996 0.415140625 0.43613583125 0.412734375 0.3334660421875 0.41754687500000004 0.2812412171875 0.423546875 0.29386416875 0.44037499999999996
1 0.3478864171875 0.45969384843750005 0.3463700234375 0.46853125 0.3574707265625 0.47084374999999995 0.36023419218749997 0.46296875000000004 0.3597189703125 0.459216796875 0.3824277921875 0.4602734375 0.39521662812499997 0.45778564531250004 0.3956049953125 0.4608125 0.42195940781249996 0.461890625 0.43071428593750005 0.45635449218749996 0.4351366109375 0.46242968749999996 0.45871194375 0.471765625 0.46634660468750005 0.471765625 0.464964871875 0.46343750000000006 0.44831381718749996 0.46296875000000004 0.44254683906250003 0.45587744218750004 0.47804449687500006 0.45444628906249995 0.48229508125000004 0.46343750000000006 0.4898770484375 0.45396923906250003 0.560872365625 0.451106934375 0.6854800937500001 0.483796875 0.7525175640625 0.48610156250000003 0.7564480859375 0.4819375 0.7659250578125001 0.48656249999999995 0.7978454328125 0.4555625 0.8290398124999999 0.466203125 0.8505386421875001 0.48009375 0.8928571421875 0.47962499999999997 0.8935363000000001 0.47453124999999996 0.8755035124999999 0.46482812500000004 0.8803747078124999 0.450484375 0.79229508125 0.4463125 0.6875761125000001 0.4652890625 0.6861826703125 0.4565 0.6910304453125 0.44585937500000006 0.57270491875 0.4506298828125 0.483676815625 0.448625 0.47189695625 0.44539062500000004 0.41188074218750004 0.45001802812499997 0.4188817328125 0.4568315421875 0.40704917968750004 0.45730859375 0.3998774984375 0.45094350937499994 0.38787425781249996 0.45186899062499997 0.383384075 0.45826269531249997 0.3758710140625 0.452794471875 0.37155152187499996 0.4587397453125 0.3638677703125 0.4537199515625 0.3398612859375 0.4555709140625 0.33605386406250004 0.4601708984375 0.32785804375 0.45649639375 0.3158548015625 0.457421875 0.312388759375 0.461125 0.3242213109375 0.4606479484375 0.3352693203125 0.46204687499999997 0.3478864171875 0.45969384843750005
0 0.78063231875 0.42895312499999994 0.800819671875 0.431171875 0.8013348953125 0.431171875 0.79391100625 0.42076562500000003 0.7747540984375 0.417875 0.747915690625 0.41735937500000003 0.7606791562499999 0.427421875 0.78063231875 0.42895312499999994
0 0.8068149890624999 0.42356249999999995 0.7946135828124999 0.422453125 0.7937704921875001 0.42440625 0.7979625296874999 0.42890625 0.8034426234375 0.42975 0.8122950812499999 0.428625 0.8261826703124999 0.428625 0.8244964875 0.42440625 0.8190163937499999 0.422734375 0.8068149890624999 0.42356249999999995
0 0.7970491796875 0.43060937499999996 0.8017096015625 0.44715625000000003 0.8706557374999999 0.450515625 0.8544028109375 0.42984375 0.7970491796875 0.43060937499999996
0 0.6989227171875 0.52215625 0.6989227171875 0.530859375 0.7041217796875 0.5372343749999999 0.7145667453125 0.555203125 0.7084777515625 0.5702812500000001 0.7102107734375 0.5720156249999999 0.7171662765625 0.56853125 0.7214988296875 0.5604218750000001 0.730187353125 0.57259375 0.736276346875 0.566796875 0.7258548015625 0.54940625 0.707611240625 0.532015625 0.738875878125 0.524484375 0.7440983609375 0.516953125 0.74932084375 0.505359375 0.7606089 0.50303125 0.7692974234375 0.49201562499999996 0.75451990625 0.49028124999999995 0.7084777515625 0.49028124999999995 0.707611240625 0.50940625 0.6911007031249999 0.50825 0.6911007031249999 0.51346875 0.6911007031249999 0.515203125 0.6989227171875 0.52215625
0 0.7813583140625 0.49675 0.770796253125 0.491125 0.761920375 0.50309375 0.75030445 0.5049375 0.740796253125 0.519578125 0.740163934375 0.523484375 0.72517564375 0.540109375 0.7265339578125001 0.5415390625 0.721779859375 0.5488593749999999 0.7374238875 0.567171875 0.7813583140625 0.49675
1 0.773419203125 0.436515625 0.7884543328125 0.440734375 0.8699999999999999 0.440734375 0.8699999999999999 0.42971875 0.7593442625 0.42681250000000004 0.773419203125 0.436515625
1 0.8912412171874999 0.44575 0.9016627640625 0.44890625 0.9196487125000001 0.44195312500000006 0.93194379375 0.42932812499999995 0.954683840625 0.41857812499999997 0.9480562062500001 0.41479687500000006 0.918688525 0.41795312500000004 0.8969320843749999 0.41732812499999994 0.868524590625 0.41606249999999995 0.8429742390625 0.42300000000000004 0.8448711937500001 0.42553124999999997 0.8666276343750001 0.430578125 0.8912412171874999 0.44575