0 0.21447991093750002 0.7108675609375 0.2239866078125 0.7170029765625 0.21747544687499998 0.7210059515625 0.2237857140625 0.7286309515625 0.2204709828125 0.7311443453125 0.223584821875 0.7402589296875 0.2231830359375 0.76351488125 0.2276171875 0.7749375 0.2229821421875 0.77514285625 0.22278125000000001 0.7867708328125 0.234875 0.8028958328125 0.21793749999999998 0.8254791671874999 0.24334375000000003 0.8270885421875 0.253421875 0.8426666671874999 0.2504263390625 0.8325282734374999 0.2531 0.8301958328125 0.24743080312500002 0.82238988125 0.25277812499999996 0.817725 0.2444352671875 0.8122514875 0.24143973281250003 0.8021130953125001 0.25245625 0.8052541671875 0.252134375 0.7927833328125 0.24616666718750002 0.7878402765625 0.2518125 0.7803125 0.23844419687500001 0.7919747015625 0.232453125 0.7716979171875 0.232453125 0.7631041671875 0.2294575890625 0.7615595234375 0.22646205312499998 0.75142113125 0.232453125 0.7510625 0.232453125 0.7028958328125 0.22418749999999998 0.705375 0.22196875 0.7018125000000001 0.211484375 0.7007291671875 0.21447991093750002 0.7108675609375
0 0.20134375000000002 0.7988541671875 0.19718750000000002 0.7394166671875 0.14665625 0.7386250000000001 0.144875 0.7314791671875 0.14428125 0.7330625000000001 0.14546874999999998 0.8440416671875001 0.15021875 0.8408749999999999 0.1508125 0.7925208328125 0.20134375000000002 0.7988541671875
0 0.201234375 0.7504166671875 0.20595312500000001 0.8078749999999999 0.21134375 0.7144999999999999 0.18575 0.7127083328125 0.1918125 0.7405416671875 0.201234375 0.7504166671875
0 0.27135937499999996 0.7459583328125 0.272625 0.7600416671875 0.27453125 0.7738333328125 0.274109375 0.7783333328125 0.2770625 0.7960833328125 0.280234375 0.8078958328124999 0.280234375 0.8228125000000001 0.28254687500000003 0.8242291671875 0.282765625 0.8157708328125001 0.282765625 0.8109999999999999 0.283609375 0.7929791671875 0.29078125 0.7211875 0.28825 0.7211875 0.287625 0.7248541671875001 0.281921875 0.7242916671875 0.27917187499999996 0.7228749999999999 0.274953125 0.7226041671875 0.27178125 0.7242916671875 0.262703125 0.7242916671875 0.264609375 0.7282291671875 0.269671875 0.7372291671875 0.27135937499999996 0.7459583328125
0 0.1213125 0.7565000000000001 0.1180078125 0.7662916671875 0.11764062500000001 0.7780208328125 0.1213125 0.7780208328125 0.12351171875 0.7462447921875001 0.12828124999999999 0.7457499999999999 0.1286484375 0.7379270828125 0.13671875 0.7428125 0.13378515625 0.729609375 0.141125 0.7271666671875 0.1381875 0.7212916671875 0.11764062500000001 0.72325 0.11984375 0.7486875000000001 0.11837500000000001 0.7545625 0.1213125 0.7565000000000001
1 0.149625 0.7420208328125 0.1449375 0.741625 0.137578125 0.741625 0.12789062499999998 0.741625 0.11760937499999999 0.7420208328125 0.11260937499999998 0.7432083328125 0.10878125000000001 0.7447708328125 0.10584374999999999 0.7463333328124999 0.1055625 0.7482916671875001 0.108203125 0.7506458328125001 0.12025 0.7541666671875 0.1281875 0.753 0.14434375 0.7526041671875 0.149625 0.7420208328125
0 0.09228125000000001 0.7515416671875 0.1013125 0.7497499999999999 0.10309375000000001 0.7613958328125 0.1065 0.7659374999999999 0.10709375000000002 0.7687083328125001 0.10398437499999999 0.7773958328125 0.10931249999999999 0.7787708328125 0.11360937499999998 0.7779791671875 0.111078125 0.7744375 0.112125 0.7631875 0.11967187500000001 0.7541041671875 0.110640625 0.7527291671875 0.10915625 0.75075 0.11004687500000002 0.7471875 0.118046875 0.7454166671875 0.117453125 0.7306041671875 0.093625 0.7280416671875 0.093171875 0.7351458328125 0.091546875 0.7375208328125 0.09228125000000001 0.7515416671875
0 0.01178125 0.8173958328125 0.00584375 0.8060625 0.009234375 0.7833958328125 0.015187500000000001 0.7833958328125 0.027937499999999997 0.7913333328125 0.0194375 0.8242083328125 0.042390625 0.8219375 0.0406875 0.78225 0.0109375 0.7754583328125 0.01178125 0.7539166671875 0.020296875 0.7074374999999999 0.007531250000000001 0.71425 0.006687500000000001 0.7097083328125 0.004984375 0.7097083328125 0.004984375 0.71425 0.001578125 0.8230625 0.01178125 0.8173958328125
0 0.5481874999999999 0.6483958328125 0.54759375 0.6563541671875 0.545796875 0.6595625 0.545796875 0.6735 0.586171875 0.6731041671875 0.6023125 0.6699166671875 0.6023125 0.6647291671875 0.594546875 0.6659375 0.5825781250000001 0.66075 0.5748125 0.6547708328125 0.56134375 0.6523749999999999 0.56075 0.6443958328125 0.567921875 0.6432083328125 0.56853125 0.6340416671875 0.568828125 0.6244791671875001 0.5664374999999999 0.6216875 0.5443125 0.6232708328125 0.54221875 0.6372291671875 0.543109375 0.6467916671875 0.5481874999999999 0.6483958328125
0 0.0883125 0.7243958328125 0.09040625 0.7253125 0.091453125 0.7281041671875 0.107640625 0.7290416671875 0.107640625 0.7283333328125 0.10800000000000001 0.7241666671875 0.107640625 0.7216041671875 0.10225 0.71975 0.093546875 0.7188125000000001 0.08745312499999999 0.7199791671875 0.085359375 0.7216041671875 0.084828125 0.7274166671875 0.0851875 0.7271666671875 0.086046875 0.7250833328125 0.0883125 0.7243958328125
0 0.067171875 0.7934791671875 0.075453125 0.7958125 0.07021875 0.8301041671875 0.074140625 0.8411458328125001 0.077203125 0.8417083328125001 0.07893750000000001 0.8382291671875001 0.077625 0.8341666671875 0.079375 0.7969583328125001 0.0806875 0.78825 0.06281250000000001 0.7870833328125 0.057140625 0.7870833328125 0.050609375 0.7801041671875 0.045375 0.7824375 0.045375 0.7894166671875 0.050609375 0.7923125 0.057578125 0.7940625 0.057578125 0.8283541671875 0.05365625 0.8301041671875 0.05321875 0.8341666671875 0.0610625 0.8393958328125001 0.067171875 0.7934791671875