1 0.71003125 0.9707311328125 0.747171875 0.9528066031250001 0.750140625 0.672523584375 0.7620312499999999 0.6590801890625 0.7947031250000001 0.605259434375 0.8615468749999999 0.5940566031250001 0.8764062499999999 0.6120047171875 0.8749218750000001 0.7039150937499999 0.956609375 0.7487735843750001 0.947703125 0.8720754718749999 0.953640625 0.9864386796875 0.9878125000000001 0.97971698125 0.989296875 0.7375471703125001 1 0.6613207546875 0.848171875 0.58733490625 0.6936875 0.634410378125 0.695171875 0.6388915093749999 0.714484375 0.7016745281250001 0.71003125 0.9707311328125
0 0.52096875 0.769457546875 0.5153749999999999 0.7844575468749999 0.39290625 0.8201179249999999 0.3879375 0.9908962265625 0.499203125 1 0.5016875 0.977759434375 0.52096875 0.769457546875
0 0.15035937500000002 0.8413443390625 0.14959375 0.8425 0.1473125 0.8528537734375 0.15035937500000002 0.8528537734375 0.148078125 0.9379481125 0.152640625 0.9964858484375 0.170921875 0.9987971703125 0.16864062500000002 0.9826886796875 0.29815625 0.9550943390625 0.294359375 0.9953301890624999 0.310359375 0.9930424531250001 0.326359375 0.8354952828125001 0.326359375 0.8147877359375 0.322546875 0.8113443390624999 0.318734375 0.8101886796875 0.316453125 0.8216981125 0.31796875 0.8274292453125 0.316453125 0.8229481125 0.1716875 0.8482547171875 0.1556875 0.8482547171875 0.1633125 0.8413443390625 0.15035937500000002 0.8413443390625
0 0.69234375 0.88584905625 0.69446875 0.8603537734375 0.707140625 0.7561792453125 0.70925 0.7391745281250001 0.70784375 0.730660378125 0.695171875 0.7370518875000001 0.695171875 0.7381132078125 0.682484375 0.742358490625 0.67896875 0.7466037734375 0.5895312500000001 0.7583018874999999 0.58671875 0.7519339625 0.581078125 0.755117925 0.578265625 0.7678773578125 0.57615625 0.8 0.579125 0.862924528125 0.57465625 0.9820283015625 0.57403125 1 0.680375 0.9964150937499999 0.69234375 0.88584905625
0 0.59675 0.546792453125 0.60790625 0.5545047171874999 0.61534375 0.565023584375 0.621375 0.57625 0.62603125 0.5853537734375001 0.6288125 0.5986792453125 0.6315937500000001 0.5979952828124999 0.631140625 0.5951886796875 0.63578125 0.5678301890624999 0.636703125 0.5475 0.641828125 0.5201415093749999 0.64275 0.51733490625 0.6450781250000001 0.507523584375 0.638109375 0.504009434375 0.637171875 0.50891509375 0.63578125 0.50891509375 0.631140625 0.5082311328125 0.581890625 0.51875 0.580953125 0.5152358484375 0.5763125 0.5124292453125 0.57584375 0.5194339625 0.57584375 0.5411792453125 0.57678125 0.5425943390625 0.58746875 0.5432783015625 0.59675 0.546792453125
0 0.699546875 0.7385377359375 0.7094375 0.7377122640625 0.708890625 0.6696462265625 0.7042633921875 0.6298012125 0.75234375 0.61983490625 0.758390625 0.61153301875 0.75509375 0.533490565625 0.74409375 0.54096698125 0.68909375 0.54346698125 0.696796875 0.6256367921875 0.699546875 0.7385377359375
0 0.796484375 0.871910378125 0.8307343749999999 0.86516509375 0.8217968750000001 0.9820283015625 0.83965625 0.9797641515625 0.8426406249999999 0.8786556609374999 0.8619999999999999 0.898867925 0.8619999999999999 0.9752830187500001 0.8828437499999999 0.9460613203125 0.917078125 0.92358490625 0.917078125 0.9707783015624999 0.93940625 0.8089858484375 0.9185625 0.7910141515625 0.900703125 0.7910141515625 0.870921875 0.8 0.888796875 0.613490565625 0.84859375 0.6089858484375 0.795 0.5932547171875 0.768203125 0.5954952828125 0.780109375 0.777523584375 0.77415625 0.9685377359375 0.768203125 0.986509434375 0.795 0.986509434375 0.796484375 0.871910378125
0 0.787859375 0.53096698125 0.797453125 0.5340094343749999 0.8226875 0.5332547171875001 0.824203125 0.4867688671875 0.8176406249999999 0.49438679218750003 0.778765625 0.49514150937499996 0.77675 0.5065801890625 0.769671875 0.5804952828125 0.785328125 0.5843160375 0.784328125 0.5317216984375001 0.787859375 0.53096698125
0 0.8890156250000001 0.5739386796875 0.892625 0.5575707546875 0.8944375000000001 0.5398349062500001 0.908 0.52346698125 0.856484375 0.53028301875 0.866421875 0.5957783015625 0.8709374999999999 0.599858490625 0.8890156250000001 0.5903066031249999 0.8890156250000001 0.5739386796875
0 0.928703125 0.4891037734375 0.9341406250000001 0.49261792499999996 0.9331093750000001 0.4816981125 0.9375 0.4727122640625 0.9437031250000001 0.473891509375 0.9467968750000001 0.47544811249999996 0.9506718749999999 0.48521226406249995 0.9517031250000001 0.47740566093750003 0.9511875 0.45908018906250003 0.9568749999999999 0.4543867921875 0.9571406250000001 0.4785613203125 0.9641093749999999 0.4809198109375 0.971859375 0.49339622656250004 0.9739218749999999 0.41148584843749997 0.9240625 0.41110849062500004 0.927421875 0.4547877359375 0.928703125 0.4891037734375
0 0.8439687499999999 0.6010377359375 0.8659062499999999 0.6010377359375 0.8659062499999999 0.5977122640625 0.864265625 0.5737028296875 0.8604218749999999 0.5306367921875 0.8741406250000001 0.5289858484375001 0.8834687499999999 0.42874999999999996 0.8801718749999999 0.43290094375 0.8456093750000001 0.433726415625 0.8340937500000001 0.43125 0.8247656250000001 0.52483490625 0.826953125 0.5306367921875 0.84121875 0.5314622640625 0.8439687499999999 0.6010377359375
0 0.22178124999999999 0.5949764156249999 0.22178124999999999 0.5881367921875 0.21789062499999998 0.581273584375 0.20364062500000002 0.5597641515625 0.201703125 0.5431367921875 0.21076562499999998 0.5421462265625 0.221140625 0.5617216984375 0.218546875 0.4981367921875 0.21271874999999998 0.49716981093749996 0.20753125 0.5030188671875 0.173828125 0.4952122640625 0.17253125 0.487382075 0.16734374999999999 0.489339621875 0.16734374999999999 0.4981367921875 0.17253125 0.549976415625 0.177078125 0.602806603125 0.20104687499999999 0.6076886796875 0.2120625 0.5939858484375 0.22178124999999999 0.5949764156249999
1 0.30753125 0.35976415156249997 0.31071875000000004 0.37537735781250003 0.30434375 0.4006132078125 0.30274999999999996 0.41624999999999995 0.31071875000000004 0.41624999999999995 0.34096875 0.41143867968750003 0.343359375 0.429457546875 0.358484375 0.422240565625 0.356890625 0.3946226421875 0.347328125 0.3934198109375 0.3361875 0.39221698125 0.33140625 0.3837971703125 0.33778125000000003 0.364575471875 0.335390625 0.3549528296875 0.318671875 0.35016509375 0.30753125 0.35976415156249997
0 0.08840624999999999 0.62891509375 0.100296875 0.6311556609375 0.10821875 0.62665094375 0.11664062500000001 0.5713207546875 0.11268750000000001 0.558608490625 0.10921875 0.5653301890625 0.096328125 0.56983490625 0.06364062499999999 0.5795518875 0.064625 0.6004952828125 0.072546875 0.609457546875 0.08840624999999999 0.62891509375
1 0.148796875 0.9810613203124999 0.148796875 0.9404481125 0.144953125 0.8824056609375001 0.142078125 0.8403301890625 0.154578125 0.8345047171875001 0.16034375 0.8533726421875001 0.189171875 0.8533726421875001 0.1920625 0.8475707546875 0.190140625 0.81709905625 0.2170625 0.790990565625 0.17476562499999998 0.8025943390625001 0.157453125 0.83016509375 0.144953125 0.8272641515625001 0.12381249999999999 0.8141981125 0.10457812500000001 0.82290094375 0.077671875 0.8374056609375 0.07190625 0.8533726421875001 0.07190625 0.8737028296875 0.077671875 0.8969103781250001 0.11515625 0.9709198109375 0.12765625 0.99266509375 0.141109375 1 0.148796875 0.9810613203124999
0 0.69434375 0.504339621875 0.6935 0.49992924531250005 0.689734375 0.5005660375 0.679703125 0.6521462265625 0.685546875 0.6508726421875 0.687234375 0.6256132078125 0.696796875 0.63 0.6900625 0.5463443390625 0.740984375 0.5418160375000001 0.744140625 0.54096698125 0.750828125 0.49865566093749997 0.7470625 0.49865566093749997 0.745390625 0.5018160375 0.69434375 0.504339621875
0 0.184375 0.4905660375 0.1890625 0.497641509375 0.1984375 0.497641509375 0.203125 0.488207546875 0.203125 0.43396226406249994 0.2078125 0.41981132031249996 0.2140625 0.4150943390625 0.4171875 0.45518867968750004 0.421875 0.4622641515625 0.4375 0.4622641515625 0.5265625 0.5448113203125 0.53125 0.5518867921874999 0.546875 0.5518867921874999 0.62626953125 0.606132075 0.7484375 0.7122641515625 0.753125 0.7051886796875 0.75634765625 0.7153596703125 0.7588541671875 0.7319182375 0.754921875 0.735141509375 0.75265625 0.7466981125000001 0.7546875 0.7582547171875 0.746875 0.761792453125 0.748125 0.7698113203125 0.74375 0.7830188671875 0.7390625 0.8160377359375 0.7390625 0.8655660375 0.74375 0.872641509375 0.746875 0.872641509375 0.7491071421875 0.87971698125 0.74765625 0.8879716984374999 0.7524553578125001 0.8915094343750001 0.7484375 0.9033018875 0.753125 0.9103773578125001 0.759375 0.9103773578125001 0.7625 0.9268867921874999 0.7671875 0.9339622640625 0.775 0.9339622640625 0.779352678125 0.8983322093749999 0.7765625 0.8915094343750001 0.780803571875 0.8864555265625 0.7996651781249999 0.732058625 0.81171875 0.7370283015625 0.8734375 0.7783018875 0.878125 0.7853773578125 0.903125 0.7853773578125 0.90625 0.7924528296875 0.9234375 0.7924528296875 0.9390625 0.8089622640625 0.9234375 0.9268867921874999 0.915625 0.9339622640625 0.921875 0.9363207546875 0.9203125 0.9481132078125001 0.915625 0.9575471703125 0.9203125 0.9646226421874999 0.934375 0.9646226421874999 0.9375 0.9599056609375 0.9421875 0.9599056609375 0.946875 0.9504716984374999 0.946875 0.88915094375 0.9546875 0.86084905625 0.95625 0.8207547171874999 0.965625 0.7924528296875 0.965625 0.775943396875 0.9625 0.768867925 0.9609375 0.747641509375 0.953125 0.733490565625 0.9453125 0.72641509375 0.9359375 0.72641509375 0.9328125 0.731132075 0.9203125 0.731132075 0.9046875 0.75471698125 0.878125 0.757075471875 0.875 0.761792453125 0.81962890625 0.7401238203125 0.801116071875 0.7201819406250001 0.815625 0.60141509375 0.83125 0.606132075 0.840625 0.606132075 0.84375 0.60141509375 0.840625 0.5330188671875 0.8234375 0.530660378125 0.8203125 0.5353773578125 0.7859375 0.5353773578125 0.7984375 0.5778301890625 0.7921875 0.594339621875 0.784375 0.594339621875 0.784375 0.5849056609375001 0.778125 0.5849056609375001 0.782109375 0.5964622640624999 0.76625 0.677358490625 0.619482421875 0.6002358484375 0.54482421875 0.5353773578125 0.55 0.5212264156249999 0.546875 0.516509434375 0.538037109375 0.5294811328125 0.5375 0.516509434375 0.5265625 0.530660378125 0.5239583328124999 0.5176100640625 0.45104166718750005 0.45786163437500005 0.4484375 0.45754717031250003 0.4453125 0.4622641515625 0.44375 0.45188679218749994 0.45 0.44339622656250005 0.4453125 0.43396226406249994 0.4296875 0.43396226406249994 0.4291666671875 0.43993710625000004 0.421875 0.43396226406249994 0.4171875 0.44103773593750006 0.4139583328125 0.43262578593749995 0.22395833281250002 0.40055031406249997 0.21770833281250002 0.40330188749999996 0.2160416671875 0.3992138375 0.22135416718749998 0.39150943437499997 0.225 0.37971698125 0.225 0.367924528125 0.2203125 0.35849056562500003 0.2109375 0.35849056562500003 0.2046875 0.356132075 0.2 0.34905660312500003 0.190625 0.34905660312500003 0.1859375 0.356132075 0.1848958328125 0.381289309375 0.184375 0.393867925 0.1922916671875 0.395204403125 0.184375 0.40595518906250005 0.184375 0.4905660375