0 0.9362343750000001 0.1642291671875 0.9396093750000001 0.1506875 0.9413125000000001 0.132625 0.9413125000000001 0.1213333328125 0.937921875 0.1100416671875 0.9277656249999999 0.1010208328125 0.921 0.1010208328125 0.9108281249999999 0.1010208328125 0.9040625 0.10552083281249999 0.89559375 0.11908333281250001 0.8803593749999999 0.1416458328125 0.8735937500000001 0.1664791671875 0.870203125 0.1867916671875 0.870203125 0.18904166718749998 0.851578125 0.1845416671875 0.7923281249999999 0.22291666718749997 0.8549687499999999 0.2364583328125 0.921 0.21839583281250002 0.929453125 0.18904166718749998 0.9362343750000001 0.1642291671875
0 0.748609375 0.12506250000000002 0.752484375 0.1463541671875 0.752484375 0.16699999999999998 0.754421875 0.1844375 0.755390625 0.20960416718750002 0.762171875 0.226375 0.7616875000000001 0.2457291671875 0.78153125 0.2496041671875 0.793625 0.2470208328125 0.801859375 0.15860416718749998 0.788296875 0.1198958328125 0.779109375 0.1108541671875 0.760234375 0.10827083281250001 0.75684375 0.10956250000000001 0.74909375 0.11214583281249998 0.748609375 0.12506250000000002
0 0.586546875 0.1984375 0.5803281250000001 0.1785625 0.575703125 0.1693587953125 0.5800156249999999 0.1661354171875 0.579703125 0.15370833281250001 0.5812578125 0.140875 0.5746328125 0.12707638906250002 0.5828125 0.1280416671875 0.579703125 0.0965625 0.590890625 0.09325 0.593375 0.0874583328125 0.581578125 0.0783541671875 0.5716249999999999 0.0742083328125 0.55734375 0.0758541671875 0.54803125 0.08247916718750001 0.538703125 0.09572916718749999 0.547953125 0.114136575 0.55009375 0.12418055624999999 0.533734375 0.12225 0.5335580359375001 0.13337202343750001 0.5325 0.2001041671875 0.539328125 0.2042291671875 0.5411875 0.1885 0.586546875 0.1984375
1 0.208984375 0.5035208328125 0.08595312499999999 0.8877916671875001 0.10618749999999999 0.9866666671875001 1 0.9889166671874999 0.992703125 0.8068958328125 0.5511250000000001 0.3911666671875 0.508984375 0.32825000000000004 0.210671875 0.42712500000000003 0.208984375 0.5035208328125
1 0.6052834046875 0.09073060468750001 0.60271875 0.08875 0.5972974140625 0.0915316078125 0.594190625 0.0898291671875 0.589311421875 0.0923326140625 0.5856625 0.0909083328125 0.58132543125 0.0931336203125 0.577134375 0.0919875 0.5733394390625 0.0939346265625 0.56860625 0.0930666671875 0.5653534484375 0.09473563125 0.560078125 0.0941458328125 0.55736745625 0.0955366375 0.5174375 0.0995416671875 0.5174375 0.11033333281249999 0.541703125 0.1252916671875 0.5811432296875 0.1322013890625 0.58903125 0.1319166671875 0.58903125 0.1335833328125 0.592765625 0.12195833281249999 0.60209375 0.11614583281249999 0.60271875 0.0987083328125 0.717087284375 0.0795165234375 0.721640625 0.07464583281250001 0.7250732765625 0.0787155171875 0.7306640625 0.0821145828125 0.7330592671875 0.0779145125 0.741045259375 0.07711350624999999 0.7396874999999999 0.0895833328125 0.7421875 0.0987083328125 0.74840625 0.11116666718749998 0.758375 0.11116666718749998 0.7826562499999999 0.1153125 0.791984375 0.1244583328125 0.799453125 0.1618125 0.79759375 0.2024791671875 0.815015625 0.1983333328125 0.824984375 0.13027083281250001 0.889734375 0.1194791671875 0.914640625 0.1020416671875 0.752765625 0.0787916671875 0.74903125 0.0763125 0.750890625 0.0513958328125 0.74715625 0.0414375 0.7284843750000001 0.0406041671875 0.719140625 0.0455833328125 0.71728125 0.0597083328125 0.7011153015625 0.0811185359375 0.6052834046875 0.09073060468750001
0 0.8273802078125 0.13790972343750002 0.825609375 0.14093055625 0.8206093750000001 0.1637291671875 0.8288437500000001 0.1650208328125 0.832390625 0.15447916718750002 0.840453125 0.1688958328125 0.842390625 0.1570625 0.850859375 0.1698645828125 0.861265625 0.1708333328125 0.8709374999999999 0.13533333281249998 0.8631316968749999 0.1231666671875 0.8712232140625 0.1227083328125 0.8791718749999999 0.1285625 0.8793147328125 0.12225 0.8874062500000001 0.12179166718750001 0.8936875000000001 0.10177083281249999 0.885390625 0.10085118906249999 0.8882031250000001 0.0925208328125 0.8772343749999999 0.0740208328125 0.856421875 0.0759583328125 0.8419010421875001 0.08930555625 0.8439062500000001 0.09625297656250001 0.8346406249999999 0.0959791671875 0.8306093750000001 0.11813194375 0.8307656250000001 0.125 0.828109375 0.12953125000000001 0.8273802078125 0.13790972343750002
0 0.4766875 0.2771041671875 0.48234374999999996 0.3097291671875 0.495515625 0.282125 0.516234375 0.282125 0.509046875 0.2424791671875 0.51271875 0.1730208328125 0.510515625 0.10358333281250001 0.528859375 0.08987500000000001 0.52078125 0.06933333281250001 0.493640625 0.06737499999999999 0.470890625 0.09477083281250001 0.46870312500000005 0.14564583281250001 0.44595312500000006 0.14564583281250001 0.450359375 0.2903958328125 0.45596875 0.2909166671875 0.45785937499999996 0.2683125 0.4766875 0.2771041671875
0 0.13559375 0.1983125 0.13559375 0.1845 0.0998125 0.2196458328125 0.10075 0.2221666671875 0.10734375 0.2359791671875 0.13559375 0.1983125
0 0.128859375 0.1842916671875 0.138328125 0.1835833328125 0.147796875 0.1604375 0.142015625 0.11345833281249999 0.13621875 0.1106458328125 0.124125 0.1106458328125 0.1151875 0.11556249999999998 0.10518749999999999 0.12397916718749999 0.0925625 0.14781249999999999 0.09046875 0.14991666718750002 0.10203124999999999 0.1885 0.128859375 0.1842916671875
0 0.09667187499999999 0.133625 0.10540624999999999 0.1148541671875 0.12140625000000001 0.10387500000000001 0.14178125 0.10258333281250001 0.14178125 0.0999791671875 0.12675 0.0935208328125 0.10346875 0.10452083281249999 0.08890624999999999 0.1355625 0.08745312499999999 0.1375 0.09425 0.1387916671875 0.09667187499999999 0.133625
1 0 0.2259166671875 0.0510625 0.22122916718750002 0.0545625 0.20249999999999999 0.06159375 0.1940833328125 0.089671875 0.2109375 0.11003125 0.2128125 0.12759375 0.1922083328125 0.12759375 0.17441666718749999 0.13109375 0.160375 0.13040625 0.1369791671875 0.093890625 0.1407083328125 0.089671875 0.1379166671875 0.096 0.19127083281249999 0.07423437499999999 0.1950208328125 0.060890625 0.1922083328125 0.043328125 0.200625 0.040531250000000005 0.1968958328125 0.02859375 0.1453958328125 0 0.1491458328125 0 0.2259166671875
0 0.5389999999999999 0.3028958328125 0.554859375 0.3125833328125 0.56478125 0.2773541671875 0.568078125 0.2826458328125 0.558828125 0.317 0.5654375 0.3222916671875 0.568078125 0.3231666671875 0.5700624999999999 0.353125 0.577984375 0.3487083328125 0.576671875 0.30643750000000003 0.58921875 0.3046666671875 0.587234375 0.36104166718749997 0.609046875 0.3601666671875 0.61234375 0.317875 0.599125 0.2826458328125 0.5958281249999999 0.2676666671875 0.5812968749999999 0.2491666671875 0.5812968749999999 0.24125000000000002 0.5865781250000001 0.2324375 0.590546875 0.20600000000000002 0.52909375 0.2095208328125 0.527109375 0.21129166718749998 0.531078125 0.2518125 0.5330625 0.3513541671875 0.53703125 0.3495833328125 0.5389999999999999 0.3028958328125
0 0.61465625 0.0806666671875 0.6158125 0.0783541671875 0.613796875 0.0714583328125 0.61034375 0.0633958328125 0.604890625 0.0576458328125 0.596546875 0.0580416671875 0.588484375 0.061479167187499996 0.58159375 0.068 0.578421875 0.0768333328125 0.588484375 0.0871875 0.602 0.0871875 0.61465625 0.0806666671875
0 0.610390625 0.0636875 0.61309375 0.0686458328125 0.6232656249999999 0.06685416718750001 0.6269843749999999 0.057354167187500006 0.62021875 0.048333332812500004 0.6086875 0.0492291671875 0.604625 0.05827083281249999 0.610390625 0.0636875
0 0.333984375 0.3723958328125 0.34415625 0.37352083281250004 0.33653125 0.29100000000000004 0.351796875 0.294375 0.36028125 0.367875 0.36535937500000004 0.3656041671875 0.36959375 0.3633541671875 0.35095312500000003 0.2616041671875 0.337375 0.2762916671875 0.338234375 0.2728958328125 0.32804687499999996 0.2842083328125 0.333984375 0.3723958328125
1 0.43075 0.10293749999999999 0.42993750000000003 0.1145833328125 0.422546875 0.112625 0.4254296875 0.12525 0.432425 0.1290958328125 0.42748437499999997 0.137875 0.4283125 0.1455416671875 0.42584375 0.1532291671875 0.42748437499999997 0.28381249999999997 0.451359375 0.2925833328125 0.4579375 0.2890833328125 0.48454687500000004 0.2861875 0.49974999999999997 0.28112499999999996 0.505171875 0.2825625 0.50571875 0.28112499999999996 0.5116875000000001 0.28039583281249997 0.49960546875 0.2733333328125 0.499203125 0.26736458281250003 0.5053541671875 0.2678472234375 0.5119609374999999 0.2651875 0.5049895828125 0.25456944375 0.512234375 0.24997916718750002 0.514953125 0.20870833281249998 0.51278125 0.20074999999999998 0.511421875 0.1786666671875 0.503609375 0.18880468749999998 0.49729687499999997 0.1931458328125 0.4970260421875 0.1819236109375 0.50340625 0.17830729218750002 0.49675520781250004 0.17070138906250001 0.503203125 0.16780989531249998 0.5107421875 0.167625 0.5100625 0.1565833328125 0.47965625 0.1631041671875 0.47440625000000003 0.1631041671875 0.463703125 0.1598125 0.45506250000000004 0.1669479171875 0.45382812499999997 0.1609166671875 0.45546875 0.1389583328125 0.45444531250000003 0.133203125 0.46410937499999994 0.13621875 0.47275 0.1334791671875 0.47357812499999996 0.10275000000000001 0.463703125 0.09178125000000001 0.4676125 0.0880916671875 0.47521874999999997 0.0895833328125 0.48475 0.0752708328125 0.492984375 0.06735416718750001 0.501234375 0.0647083328125 0.512765625 0.0669166671875 0.522 0.074375 0.5279375 0.0831666671875 0.5487031250000001 0.0822916671875 0.55628125 0.07614583281250001 0.566171875 0.0721875 0.5783750000000001 0.07614583281250001 0.6175937499999999 0.0757083328125 0.622875 0.0669166671875 0.6024375 0.060312500000000005 0.6017812499999999 0.058562499999999997 0.5846250000000001 0.060312500000000005 0.58034375 0.0699791671875 0.574984375 0.0588854171875 0.5460625 0.0546041671875 0.51903125 0.056354167187500005 0.519171875 0.0220416671875 0.467671875 0.0214375 0.466796875 0.0624375 0.43023437500000006 0.0620625 0.43078125 0.0796458328125 0.427703125 0.0820416671875 0.42153124999999997 0.082375 0.42103124999999997 0.0895833328125 0.42821875 0.09129166718750001 0.424203125 0.0961666671875 0.43075 0.10293749999999999