0 0.690203125 0.5471086953125 0.687546875 0.545869565625 0.6853125 0.5514347828124999 0.68309375 0.55391304375 0.678203125 0.5545217390625 0.674203125 0.5545217390625 0.6733125 0.5582391296875 0.680875 0.5557608703125 0.683984375 0.5563913046875 0.684421875 0.5625652171875 0.6817656249999999 0.5644347828125 0.6764218750000001 0.5631956515625001 0.674203125 0.5644347828125 0.672859375 0.5687608703125 0.672859375 0.5743260875 0.6755312499999999 0.5768043484375001 0.67596875 0.574956521875 0.67596875 0.5712391296875 0.676859375 0.5675217390625 0.67909375 0.566282609375 0.682203125 0.5656739125 0.68309375 0.5675217390625 0.683984375 0.5693913046875 0.6835312499999999 0.5737173906249999 0.68665625 0.5755652171875 0.6870937500000001 0.5712391296875 0.686203125 0.5625652171875 0.68665625 0.557630434375 0.6884375 0.553282609375 0.690203125 0.5471086953125
1 0.7196875 0.5651956515625 0.7207656250000001 0.5670652171875 0.723453125 0.5663043484375 0.72371875 0.562956521875 0.72465625 0.5465 0.7321875 0.5466739125 0.731515625 0.562956521875 0.733390625 0.565369565625 0.735140625 0.5635 0.735140625 0.55041304375 0.735546875 0.5429347828125 0.735546875 0.5410652171875 0.72815625 0.5389999999999999 0.719421875 0.5382608703125 0.71296875 0.5405 0.711890625 0.5427391296875 0.71121875 0.561630434375 0.71203125 0.566130434375 0.7152499999999999 0.5642608703125 0.7147187500000001 0.548543478125 0.71659375 0.5465 0.719953125 0.5476086953125 0.7196875 0.5651956515625
0 0.702890625 0.5635434781249999 0.70503125 0.565543478125 0.704890625 0.5450652171875 0.700609375 0.5408913046875 0.699890625 0.532130434375 0.694609375 0.5309565218750001 0.690171875 0.5309565218750001 0.68859375 0.5424782609375 0.69059375 0.552217390625 0.690453125 0.5530217390625001 0.69503125 0.5573913046875 0.702890625 0.5635434781249999
0 0.6721874999999999 0.57341304375 0.67234375 0.57541304375 0.674796875 0.5748043484375 0.6739375 0.5639347828125 0.6739375 0.562130434375 0.6749375 0.559717390625 0.6753750000000001 0.554869565625 0.67509375 0.547630434375 0.6701718750000001 0.5466086953125 0.665828125 0.5458043484374999 0.6629375 0.5466086953125 0.661484375 0.5504347828125 0.661484375 0.5522608703125 0.660765625 0.560717390625 0.661484375 0.563130434375 0.66234375 0.5758260875000001 0.6635156249999999 0.5764347828124999 0.664953125 0.576217390625 0.664953125 0.5758260875000001 0.66553125 0.5661521734375 0.66871875 0.5643478265625 0.671765625 0.5651521734375 0.6721874999999999 0.57341304375
0 0.736796875 0.5531086953125001 0.743875 0.5523043484375 0.743875 0.5619782609375 0.74590625 0.5577391296875 0.74446875 0.5339782609375 0.742578125 0.533782609375 0.742140625 0.5398260875 0.737796875 0.5400217390625001 0.737078125 0.5335652171875 0.734765625 0.53458695625 0.7341875 0.533782609375 0.73446875 0.5533043484375 0.7341875 0.56458695625 0.7359218750000001 0.5605652171875 0.736796875 0.5531086953125001
0 0.960609375 0.5452391296875 0.958921875 0.5369347828125 0.94984375 0.5359347828125001 0.9457812499999999 0.527630434375 0.9453125 0.5326086953125 0.947703125 0.5469130437499999 0.9460312500000001 0.555217390625 0.9465 0.557217390625 0.94865625 0.5555434781249999 0.9503281250000001 0.5482391296875 0.9555781250000001 0.5469130437499999 0.9565468750000001 0.5568913046875 0.960609375 0.5565434781249999 0.960609375 0.5452391296875
0 0.427265625 0.5330217390625 0.427859375 0.52441304375 0.42559375 0.520630434375 0.42289062499999996 0.517282609375 0.42167187500000003 0.5248260874999999 0.42121875 0.5319782609375 0.423640625 0.5345 0.427265625 0.5330217390625
0 0.7894375 0.548130434375 0.78978125 0.536 0.791484375 0.536956521875 0.7913281249999999 0.549782609375 0.7926875 0.551217390625 0.7926875 0.531956521875 0.7926875 0.5183913046875 0.7887500000000001 0.5169782609375 0.7884218749999999 0.5291086953125 0.78825 0.545043478125 0.7894375 0.548130434375
0 0.6475625 0.5752391296875 0.6488437499999999 0.5731739124999999 0.649484375 0.564717390625 0.6545 0.564130434375 0.6569375 0.5685652171875 0.657265625 0.5685652171875 0.657375 0.560869565625 0.655875 0.5533043484375 0.65428125 0.5515217390625 0.6480937499999999 0.5518260875000001 0.6475625 0.5501956515625 0.6457499999999999 0.542043478125 0.6439375 0.5414347828125 0.643515625 0.542630434375 0.6429843749999999 0.545456521875 0.644484375 0.54958695625 0.64565625 0.5553695656250001 0.64596875 0.560282609375 0.645328125 0.5719782609374999 0.6475625 0.5752391296875
0 0.9833281250000001 0.5462391296875 0.988640625 0.5460652171875 0.9891875000000001 0.5523043484375 0.99 0.5538260875 0.992046875 0.5530652171875 0.992046875 0.5494782609375 0.9927187500000001 0.544543478125 0.9927187500000001 0.53808695625 0.99409375 0.527282609375 0.984140625 0.5284347828125 0.98359375 0.5333478265625 0.984140625 0.5354347828125 0.9834531249999999 0.5424565218749999 0.9833281250000001 0.5462391296875
0 0.91909375 0.5391521734375 0.91796875 0.53858695625 0.917765625 0.5333695656249999 0.917359375 0.5312391296875 0.91503125 0.5316739125 0.9149218749999999 0.53491304375 0.916453125 0.540717390625 0.9159375000000001 0.5508913046874999 0.9159375000000001 0.554282609375 0.9183749999999999 0.554130434375 0.9193906249999999 0.5523043484375 0.9191874999999999 0.5508913046874999 0.9233593750000001 0.5506086953125 0.9243750000000001 0.5506086953125 0.9251875 0.553 0.9258906250000001 0.5535652171875001 0.9268124999999999 0.5520217390625 0.9241718750000001 0.5411304343750001 0.92275 0.53958695625 0.91909375 0.5391521734375
0 0.77478125 0.5463913046875 0.77675 0.5436521734374999 0.775765625 0.53541304375 0.7811874999999999 0.53541304375 0.7807031249999999 0.5443260875 0.782671875 0.5436521734374999 0.7811874999999999 0.5271739125 0.77478125 0.5258043484375 0.773796875 0.5182391296875 0.7718125 0.5189347828125 0.766890625 0.519630434375 0.766390625 0.5333478265625 0.773296875 0.53541304375 0.77478125 0.5463913046875
1 0.660938278125 0.551439765625 0.661515625 0.5510217390625 0.67775 0.5521956515625 0.6770937499999999 0.548956521875 0.661609375 0.548956521875 0.660938278125 0.551439765625
1 0.754015625 0.5400869562499999 0.757703125 0.5403043484375 0.75709375 0.5542173906250001 0.7574062500000001 0.5615 0.762484375 0.5606521734375 0.761859375 0.5424347828125 0.7675625 0.5422173906250001 0.767875 0.560217390625 0.772484375 0.5589347828125 0.772328125 0.53858695625 0.774640625 0.5379347828125 0.773875 0.5366521734374999 0.753546875 0.53708695625 0.74846875 0.539217390625 0.7483125 0.5593695656250001 0.750625 0.5593695656250001 0.7503124999999999 0.5424347828125 0.754015625 0.5400869562499999
0 0.49359374999999994 0.5646304343749999 0.49421875000000004 0.5607608703125 0.49406249999999996 0.5543478265624999 0.49143749999999997 0.5491956515624999 0.489140625 0.5459782609375 0.486203125 0.5453478265625 0.482046875 0.545782609375 0.478359375 0.551130434375 0.478046875 0.5592608703125 0.477890625 0.56591304375 0.47928125 0.5759782609374999 0.493140625 0.5768260875 0.49282812500000006 0.5697608703125 0.49359374999999994 0.5646304343749999
1 0.56575 0.56141304375 0.572375 0.5560217390625 0.57609375 0.550630434375 0.58028125 0.5476956515625 0.578515625 0.5407391296874999 0.568828125 0.5407391296874999 0.56171875 0.5411956515624999 0.559453125 0.54208695625 0.559125 0.5441086953125 0.559125 0.5479347828125001 0.559453125 0.5533260875 0.558484375 0.5542173906250001 0.559296875 0.5582608703124999 0.56575 0.56141304375
1 0.9547343749999999 0.5343913046875 0.9550000000000001 0.5423260875 0.9650624999999999 0.53666304375 0.9684531249999999 0.537217390625 0.9688593750000001 0.5404347828125 0.9842187499999999 0.538543478125 0.9808125000000001 0.5319347828125001 0.9755156250000001 0.536456521875 0.973484375 0.5334347828125 0.966 0.534956521875 0.9547343749999999 0.5343913046875
0 0.3859375 0.5586956515625 0.3921875 0.5586956515625 0.3953125 0.5543478265624999 0.398828125 0.5309782609375 0.40625 0.534782609375 0.409375 0.539130434375 0.413671875 0.53858695625 0.4359375 0.55 0.434375 0.5673913046875 0.44375 0.586956521875 0.46875 0.5826086953125 0.471875 0.5782608703125 0.475 0.5543478265624999 0.4703125 0.5456521734375 0.4640625 0.5434782609375 0.46004464218749996 0.5360248453125 0.4841517859375 0.5220496890625 0.4859375 0.52608695625 0.4859375 0.534782609375 0.4890625 0.539130434375 0.50625 0.5434782609375 0.509375 0.539130434375 0.509375 0.5282608703125 0.515625 0.5267080734375 0.546875 0.539130434375 0.54375 0.5434782609375 0.54375 0.5565217390625 0.546875 0.565217390625 0.55 0.5695652171875001 0.559375 0.5695652171875001 0.5625 0.565217390625 0.5625 0.5565217390625 0.5578125 0.5478260875000001 0.5548253671875 0.53817135625 0.6502297796875001 0.5266624046875 0.8140625 0.5326086953125 0.8171875 0.536956521875 0.81875 0.55 0.8234375 0.5565217390625 0.8328125 0.5565217390625 0.8375 0.5478260875000001 0.8375 0.539130434375 0.91875 0.539130434375 0.9234375 0.5413043484375 0.9234375 0.5565217390625 0.928125 0.563043478125 0.9375 0.563043478125 0.9453125 0.5565217390625 0.946875 0.5434782609375 0.94375 0.5326086953125 0.9375 0.5282608703125 0.921875 0.5282608703125 0.91875 0.5326086953125 0.9138221156249999 0.5265886281250001 0.841346153125 0.5115384609375 0.834375 0.513043478125 0.83329326875 0.5098662218750001 0.8265625 0.5021739125 0.825240384375 0.5081939796875 0.8171875 0.5065217390625001 0.8140625 0.5152173906249999 0.8092371328124999 0.5074808171875 0.658180146875 0.5257033234375 0.5078125 0.523602484375 0.503125 0.5173913046874999 0.5 0.5204968937500001 0.4921875 0.5173913046874999 0.4140625 0.5304347828125 0.4125 0.5173913046874999 0.40625 0.510869565625 0.396875 0.5152173906249999 0.3921875 0.5086956515625001 0.3859375 0.5065217390625001 0.3796875 0.510869565625 0.3765625 0.5195652171875 0.383984375 0.523369565625 0.37578125 0.5326086953125 0.375 0.5456521734375 0.3859375 0.5586956515625