0 0.49625 0.585825471875 0.49565625 0.5921226421875 0.48432812500000005 0.5849292453125 0.475984375 0.5741273578125 0.47418750000000004 0.580424528125 0.47359375000000004 0.6812264156250001 0.43364062499999995 0.6776179250000001 0.49328125 0.6893396218750001 0.501625 0.591226415625 0.49625 0.585825471875
0 0.53046875 0.5779716984375 0.5191874999999999 0.5844103781250001 0.51796875 0.6277122640624999 0.520703125 0.6277122640624999 0.52009375 0.6115801890625 0.531078125 0.611132075 0.531703125 0.6360141515625 0.535046875 0.63278301875 0.5347500000000001 0.6115801890625 0.54359375 0.6115801890625 0.5448125 0.627240565625 0.547875 0.627240565625 0.548171875 0.6129716984375 0.549703125 0.6129716984375 0.553671875 0.6304716984375001 0.55396875 0.5959198109375 0.55396875 0.5655188671875 0.5530625 0.558608490625 0.553671875 0.5461792453125 0.558859375 0.540660378125 0.55703125 0.53834905625 0.550609375 0.53834905625 0.5371875 0.53834905625 0.53596875 0.5374292453125 0.53321875 0.53790094375 0.53046875 0.5779716984375
0 0.58890625 0.6252358484375 0.5992968750000001 0.6300471703125 0.600109375 0.6952358484375 0.608890625 0.6952358484375 0.60809375 0.632476415625 0.630484375 0.63125 0.6176875 0.5588443390625 0.649671875 0.557641509375 0.65128125 0.5443632078125 0.6065 0.5443632078125 0.6025 0.6059198109375 0.5817187500000001 0.5986792453125 0.585703125 0.6143632078125 0.58490625 0.6722877359375 0.58490625 0.678325471875 0.5881093749999999 0.6879952828125 0.58890625 0.6252358484375
0 0.5582812500000001 0.6366273578125 0.5545625000000001 0.645053065625 0.5545625000000001 0.6585377359375 0.55790625 0.6571226421875 0.5627500000000001 0.666108490625 0.567390625 0.6666745281249999 0.5624687500000001 0.651367925 0.567578125 0.6501061328125 0.5621875000000001 0.6366273578125 0.567765625 0.6335377359375001 0.5800468750000001 0.6341037734375 0.5793125 0.6593867921875 0.584515625 0.6593867921875 0.58359375 0.6335377359375001 0.585640625 0.6326886796875 0.585640625 0.62846698125 0.58265625 0.627075471875 0.58303125 0.6082547171875 0.589359375 0.60403301875 0.59028125 0.5866273578125 0.5882343750000001 0.581556603125 0.585453125 0.5487028296875 0.580984375 0.5428066031250001 0.577265625 0.541391509375 0.57763671875 0.55516509375 0.56162890625 0.55459905625 0.5675859375 0.54125 0.55790625 0.541108490625 0.5530625 0.5478537734375 0.5541875 0.5599292453125 0.5545625000000001 0.631568396875 0.5582812500000001 0.6366273578125
1 0 0.9887499999999999 0.605796875 0.9864858484375001 0.56103125 0.8783726421875 0.5207499999999999 0.7792688671875 0.5073125 0.7567452828125 0.510296875 0.7342452828125 0.381984375 0.7364858484375 0.21784374999999997 0.7364858484375 0.044765624999999996 0.752240565625 0 0.783773584375 0 0.9887499999999999
1 0.6916249999999999 0.5980660375 0.694109375 0.7378773578125 0.688515625 0.739740565625 0.6953437499999999 0.7481839625 0.717734375 0.7463207546875 0.710890625 0.7378773578125 0.709640625 0.5961792453125 0.7581249999999999 0.5943160375 0.759375 0.57834905625 0.7071562499999999 0.568042453125 0.68540625 0.5699056609375 0.6294531250000001 0.575542453125 0.630078125 0.5802358484375 0.67296875 0.5877358484374999 0.6916249999999999 0.5980660375
1 0.574125 0.556509434375 0.561984375 0.556509434375 0.5564843749999999 0.5561556609375 0.588796875 0.564457546875 0.60459375 0.560306603125 0.60390625 0.5520047171875 0.574125 0.556509434375
1 0.61284375 0.5439622640625 0.6135937499999999 0.544858490625 0.6135937499999999 0.5500707546875 0.61765625 0.549575471875 0.618421875 0.5443396218750001 0.624078125 0.5421698109374999 0.633609375 0.5391273578125 0.634375 0.5356839625 0.634203125 0.532358490625 0.628046875 0.529174528125 0.625421875 0.5294339625 0.62271875 0.5294339625 0.624921875 0.5349056609375 0.6233906250000001 0.5375943390625 0.624921875 0.5405188671875 0.604484375 0.5408962265625 0.6021093750000001 0.5397641515625 0.598234375 0.5382311328125 0.5983125 0.532617925 0.597046875 0.5295518875 0.5915625 0.53209905625 0.58878125 0.5327358484375 0.5891093749999999 0.539882075 0.592234375 0.540259434375 0.591984375 0.5424292453125 0.596796875 0.5438443390625001 0.60634375 0.5443396218750001 0.61284375 0.5439622640625
0 0.727703125 0.573490565625 0.732421875 0.5737971703125 0.73125390625 0.580601415625 0.7333125 0.59334905625 0.731296875 0.5938443390625 0.7309375 0.64959905625 0.731671875 0.65290094375 0.733859375 0.654292453125 0.734765625 0.6531839625 0.7365781250000001 0.6215566031249999 0.7438671875 0.6291273578125 0.7448671874999999 0.6222523578125 0.7520625 0.6300943390625 0.7558906249999999 0.613042453125 0.75534375 0.6045283015625 0.7477031249999999 0.6037028296875 0.7436875 0.60040094375 0.747875 0.5910613203125 0.743328125 0.5904952828125001 0.7474062499999999 0.576273584375 0.744734375 0.5750471703125 0.74453125 0.5716273578125 0.747203125 0.5682311328125 0.745765625 0.566674528125 0.73284375 0.5713207546875 0.730578125 0.5561556609375 0.731671875 0.5345047171874999 0.729546875 0.5349528296875 0.729984375 0.5410141515625 0.725078125 0.5423584906250001 0.7291953125 0.5678537734375 0.727703125 0.573490565625
0 0.7150624999999999 0.5975471703124999 0.718359375 0.596839621875 0.718828125 0.5996698109375 0.7150624999999999 0.6115172953125 0.718984375 0.6131682374999999 0.7150624999999999 0.6254874218750001 0.719140625 0.6266666671875 0.7150624999999999 0.639457546875 0.7192968750000001 0.6401650937500001 0.7197734375 0.585023584375 0.7230624999999999 0.5440801890625 0.7042395828125 0.5436084906249999 0.694828125 0.5433726421875 0.69578125 0.571792453125 0.71240625 0.5708490562499999 0.7150624999999999 0.5975471703124999
0 0.64890625 0.556556603125 0.67715625 0.5558018875 0.67715625 0.5333726421875 0.64990625 0.534858490625 0.64990625 0.5393396218750001 0.652875 0.5460849062500001 0.64890625 0.556556603125
0 0.1964375 0.7269811328125 0.1964375 0.6812028296875 0.19132812500000002 0.6971462265625 0.18484375 0.710023584375 0.16815625 0.733160378125 0.16475 0.7408726421875 0.1964375 0.739339621875 0.1964375 0.7269811328125
0 0.628 0.5989622640625 0.628 0.7161556609375 0.6383593750000001 0.6617688671875 0.6496562499999999 0.6571462265625 0.657328125 0.7317688671875 0.6642187500000001 0.7369811328125 0.6659531249999999 0.6614622640625 0.6960468750000001 0.6577122640625 0.67840625 0.5486084906250001 0.617640625 0.5546933968750001 0.628 0.5989622640625
0 0.5299375000000001 0.5460377359375 0.530578125 0.5396462265624999 0.504828125 0.5396462265624999 0.506453125 0.6164150937499999 0.5090625 0.6174056609374999 0.51134375 0.5913207546875 0.5155937500000001 0.590825471875 0.515265625 0.6257547171875 0.517875 0.6257547171875 0.5195000000000001 0.5863915093750001 0.520796875 0.583443396875 0.5299375000000001 0.5775471703124999 0.5299375000000001 0.5460377359375