0 0.485640625 0.37925 0.50325 0.3772916671875 0.52965625 0.3772916671875 0.5450625 0.3772916671875 0.5509375000000001 0.3812083328125 0.548734375 0.38806250000000003 0.558265625 0.3890208328125 0.575875 0.38708333281249996 0.593484375 0.38708333281249996 0.616953125 0.38708333281249996 0.635296875 0.38708333281249996 0.653640625 0.38708333281249996 0.67125 0.3821875 0.676375 0.37533333281250003 0.63896875 0.3645833328125 0.61621875 0.3645833328125 0.598609375 0.3645833328125 0.57146875 0.3645833328125 0.56046875 0.3645833328125 0.548734375 0.3645833328125 0.534796875 0.36654166718750003 0.5179218750000001 0.3723958328125 0.507640625 0.3723958328125 0.48417187500000003 0.37043750000000003 0.48417187500000003 0.36752083281250003 0.48343749999999996 0.37533333281250003 0.485640625 0.37925
0 1 0.3934166671875 0.99884375 0.3818125 0.97834375 0.3735416671875 0.964671875 0.3669166671875 0.95721875 0.371875 0.9665312500000001 0.39177083281249997 1 0.4422916671875 1 0.3934166671875
0 0.676203125 0.3732916671875 0.673328125 0.3803958328125 0.666765625 0.3825833328125 0.6266093749999999 0.3875 0.602421875 0.3880416671875 0.56021875 0.39187500000000003 0.583171875 0.4038958328125 0.622515625 0.3995208328125 0.665125 0.39514583281250004 0.67578125 0.3896875 0.676203125 0.3732916671875
0 0.679328125 0.3986666671875 0.6725625 0.3928541671875 0.5893125 0.40189583281249996 0.590765625 0.4141458328125 0.5917343749999999 0.4141458328125 0.62609375 0.4154375 0.659484375 0.4122083328125 0.677875 0.40189583281249996 0.679328125 0.3986666671875
1 0.454671875 0.47043749999999995 0.4585329859375 0.55649305625 0.44546875 0.5846666671875 0.452734375 0.591125 0.4575703125 0.5814375 0.4522421875 0.5759583328125 0.459015625 0.56725 0.46240625 0.57175 0.46821875 0.5588541671875 0.48903125000000003 0.5614375 0.4958125 0.5653125 0.48854687500000005 0.5769270828125 0.49484374999999997 0.5859583328125 0.4880625 0.5924166671875 0.49290625 0.5975625 0.49725 0.5975625 0.503796875 0.5654201390625 0.54371875 0.5659583328125 0.5505 0.5711041671875 0.548078125 0.5853125 0.5567968750000001 0.5930625 0.5587187499999999 0.5866041671875 0.55110546875 0.5585208328125 0.552921875 0.5207708328125 0.5505 0.4775416671875 0.576640625 0.47495833281250005 0.58825 0.4652708328125 0.5940546875 0.4526875 0.58921875 0.4362291671875 0.5998593750000001 0.4401041671875 0.663484375 0.43054166718750003 0.677734375 0.4483541671875 0.69465625 0.4418125 0.696 0.42043749999999996 0.68084375 0.416875 0.674609375 0.4246041671875 0.6729474828125 0.4174126171875 0.60977734375 0.42171354218749996 0.605671875 0.42720833281250004 0.6018810765625 0.4222511578125 0.5974453125 0.43171875000000004 0.593984809375 0.4227887734375 0.42816319375 0.4340787046875 0.425625 0.4426875 0.42026692656250003 0.43461631875 0.4159427078125 0.4405347234375 0.41237065937499995 0.43515393593749996 0.4062604171875 0.43838194374999995 0.4044743921875 0.43569155000000004 0.396578125 0.4362291671875 0.3859375 0.43043750000000003 0.38109375 0.4401041671875 0.37915625 0.4510833328125 0.410625 0.4613958328125 0.417390625 0.4678541671875 0.454671875 0.47043749999999995
1 0.6929375 0.4020625 0.69428125 0.46299999999999997 0.6936093750000001 0.47366666718749995 0.686265625 0.4838958328125 0.6859375 0.4941458328125 0.6896093750000001 0.49145833281250006 0.700609375 0.47056250000000005 0.70528125 0.4687708328125 0.708296875 0.4572083328125 0.701953125 0.45943750000000005 0.7009531250000001 0.4060625 0.7253125 0.4060625 0.742984375 0.3882708328125 0.74365625 0.3860416671875 0.742328125 0.38425 0.7343124999999999 0.3775833328125 0.668921875 0.383375 0.67125 0.40072916718749996 0.6829375 0.4060625 0.6929375 0.4020625
0 0.504984375 0.41974999999999996 0.58078125 0.4097291671875 0.547390625 0.3977291671875 0.476078125 0.3902291671875 0.462203125 0.3862083328125 0.435171875 0.3857083328125 0.42017187500000003 0.3922291671875 0.41228125000000004 0.3977291671875 0.39690625 0.3957291671875 0.39653125 0.3982291671875 0.39465625000000004 0.40472916718749996 0.42504687499999994 0.41272916718749997 0.459953125 0.41624999999999995 0.504984375 0.41974999999999996
0 0.647453125 0.3443541671875 0.67621875 0.3495833328125 0.7054218750000001 0.3472708328125 0.714140625 0.3466875 0.736796875 0.35075 0.757296875 0.3519166671875 0.79390625 0.3530833328125 0.79390625 0.3490208328125 0.79434375 0.3414583328125 0.77471875 0.3402916671875 0.748140625 0.3402916671875 0.7477031249999999 0.3432083328125 0.739859375 0.3432083328125 0.7128281249999999 0.3379583328125 0.7128281249999999 0.3414583328125 0.7054218750000001 0.3414583328125 0.678828125 0.342625 0.65790625 0.3356458328125 0.65703125 0.340875 0.6509375000000001 0.340875 0.647453125 0.3443541671875
0 0.5120625000000001 0.43187499999999995 0.508140625 0.4259166671875 0.5803125 0.41770833281249997 0.58421875 0.41770833281249997 0.580859375 0.4124791671875 0.48296875000000006 0.4221666671875 0.43373437499999995 0.41322916718749997 0.41695312500000004 0.41322916718749997 0.40409375000000003 0.41025 0.392890625 0.4095 0.39065625000000004 0.4147083328125 0.39178125 0.41770833281249997 0.423671875 0.42739583281250004 0.43709375 0.4288958328125 0.498625 0.43560416718750006 0.5120625000000001 0.43187499999999995
0 0.433109375 0.4300833328125 0.41218750000000004 0.42543749999999997 0.3969375 0.4219375 0.38734375 0.42543749999999997 0.389953125 0.4335625 0.41917187499999997 0.44285416718750004 0.45359375 0.44752083281250005 0.4989375 0.4533333328125 0.50721875 0.45275 0.5172343749999999 0.44693750000000004 0.526828125 0.4405416671875 0.543390625 0.43937499999999996 0.55646875 0.44285416718750004 0.565625 0.441125 0.5669375 0.4329791671875 0.584796875 0.4329791671875 0.584796875 0.42716666718749996 0.545578125 0.4219375 0.501109375 0.43531250000000005 0.433109375 0.4300833328125
0 0.778 0.364875 0.792609375 0.3618125 0.794921875 0.354625 0.759140625 0.354625 0.7425937499999999 0.3530833328125 0.71065625 0.3505208328125 0.690265625 0.3525625 0.6721874999999999 0.3520625 0.66640625 0.3520625 0.65025 0.354625 0.648328125 0.3607708328125 0.65409375 0.3607708328125 0.6814218750000001 0.3602708328125 0.702203125 0.3623125 0.74875 0.3623125 0.778 0.364875
0 0.650203125 0.3689166671875 0.73321875 0.372125 0.7653125000000001 0.3732083328125 0.788578125 0.3667708328125 0.714375 0.3635625 0.65059375 0.3608958328125 0.6481874999999999 0.3651666671875 0.650203125 0.3689166671875
0 0.678703125 0.3853541671875 0.6811875 0.3853541671875 0.735765625 0.38093750000000004 0.747953125 0.3801041671875 0.7516875 0.3779166671875 0.75271875 0.37185416718750003 0.744859375 0.3710208328125 0.727078125 0.37185416718750003 0.66465625 0.3704583328125 0.675609375 0.3773541671875 0.675609375 0.3847916671875 0.678703125 0.3853541671875
1 0.325328125 0.9320416671875 0.3116875 0.9865833328125 0.9993437500000001 0.9891875000000001 1 0.6463125 0.9448124999999999 0.6463125 0.9292187500000001 0.6281458328125 0.909734375 0.6567083328125001 0.896109375 0.6203541671874999 0.8415625 0.6385208328124999 0.816234375 0.6567083328125001 0.80065625 0.6567083328125001 0.787015625 0.6593125 0.781171875 0.6645 0.781171875 0.61775 0.75584375 0.5917708328125 0.7402656249999999 0.5761875 0.73246875 0.6021666671875 0.712984375 0.6437291671875001 0.69740625 0.641125 0.7051875 0.6593125 0.7012968749999999 0.6826875 0.683765625 0.687875 0.6584375 0.6645 0.625328125 0.6593125 0.5649375 0.6489166671875 0.533765625 0.6437291671875001 0.5084375 0.6567083328125001 0.451953125 0.6982708328125 0.401296875 0.7190416671875 0.3584375 0.7554166671875 0.327265625 0.8073541671875001 0.331171875 0.8541041671875 0.313640625 0.8722916671875 0.325328125 0.8826875 0.325328125 0.9008749999999999 0.325328125 0.9320416671875