0 0.07670312500000001 0.4708958328125 0.08562499999999999 0.48872916718750004 0.096765625 0.5184375 0.10457812500000001 0.5629375 0.1056875 0.6550625 0.10792187499999999 0.6788333328125 0.10457812500000001 0.6937083328125 0.097890625 0.8645833328125001 0.10903125 0.8720208328125001 0.177015625 0.7992083328125 0.20153125 0.7754166671875 0.2249375 0.754625 0.270625 0.7783958328125 0.281765625 0.7709583328125 0.286234375 0.7887916671874999 0.28065625 0.8378333328125 0.28845312500000003 0.8660625 0.29625 0.7828541671875 0.28734375 0.7635416671875 0.301828125 0.74125 0.249453125 0.543625 0.262828125 0.5391666671875 0.22159374999999998 0.5064791671875 0.143578125 0.49012500000000003 0.093421875 0.45891666718749996 0.08896875 0.4575208328125 0.08451562500000001 0.4575208328125 0.07670312500000001 0.4708958328125
0 0.07859374999999999 0.37225 0.080015625 0.383625 0.080015625 0.3988125 0.10421875 0.3988125 0.1120546875 0.40025000000000005 0.1141875 0.433 0.128421875 0.4291875 0.12415625 0.44058333281250006 0.11703125 0.4519791671875 0.119890625 0.4519791671875 0.135546875 0.4159166671875 0.19678125 0.37225 0.2053203125 0.4016666671875 0.20817187499999998 0.4253958328125 0.223828125 0.43110416718750005 0.2118072921875 0.3905949078125 0.20389453125 0.3898020828125 0.20880208281249998 0.3804675921875 0.20246875000000003 0.3779375 0.20579687500000002 0.3703402765625 0.175421875 0.271625 0.18253124999999998 0.2260625 0.14125000000000001 0.24125000000000002 0.10706249999999999 0.2640208328125 0.09425 0.2887083328125 0.09567187499999999 0.33806250000000004 0.09816406250000001 0.3499322921875 0.0814375 0.36275 0.07859374999999999 0.37225
0 0.25798437500000004 0.2890208328125 0.27428125 0.27137500000000003 0.27428125 0.2550625 0.27021875 0.199375 0.25798437500000004 0.2034583328125 0.21725 0.20754166718749997 0.200953125 0.21568749999999998 0.189734375 0.2251875 0.18871875 0.24285416718750003 0.189734375 0.2795208328125 0.190765625 0.3161875 0.19890625 0.3324791671875 0.24678125 0.3338333328125 0.24984375 0.3026041671875 0.25798437500000004 0.2890208328125
0 0.827703125 0.8637291671874999 0.8243281250000001 0.9853541671875 0.831078125 0.9853541671875 0.8361562499999999 0.9853541671875 0.956078125 0.9042708328125 0.981421875 0.6970625 0.9797343749999999 0.6385208328124999 1 0.5506666671875 0.97465625 0.5619375 0.922296875 0.5754583328125 0.866546875 0.6295 0.84628125 0.7241041671875 0.827703125 0.7353541671875 0.820953125 0.7758958328125 0.81925 0.7871666671875001 0.83784375 0.8029375 0.827703125 0.8637291671874999
0 0.195421875 0.1548125 0.19342187500000002 0.1450416671875 0.19709375 0.1370625 0.212734375 0.1370625 0.215390625 0.1259583328125 0.229046875 0.1295208328125 0.228375 0.1530416671875 0.246015625 0.15437499999999998 0.2466875 0.14016666718749998 0.24901562500000002 0.11487499999999999 0.23004687499999998 0.10377083281249999 0.19409375 0.1015625 0.148484375 0.1064375 0.14250000000000002 0.11797916718749998 0.144484375 0.15570833281250002 0.195421875 0.1548125
0 0.516125 0.1505416671875 0.519984375 0.1428125 0.519984375 0.1344583328125 0.49679687499999997 0.1389583328125 0.49439062500000003 0.1460416671875 0.499703125 0.1595625 0.49824999999999997 0.1640625 0.490046875 0.1730833328125 0.48473437500000005 0.1853125 0.5059843749999999 0.1878958328125 0.508390625 0.1853125 0.51321875 0.1750208328125 0.516125 0.1505416671875
0 0.040453125 0.1842708328125 0.065734375 0.16854166718750002 0.050562499999999996 0.11910416718750001 0.0033750000000000004 0.1483125 0.013484375000000002 0.1752708328125 0.040453125 0.1842708328125
1 0.006765625 0.25452083281250004 0.27934375 0.1687291671875 0.211625 0.1461666671875 0.00846875 0.19583333281249998 0.005078125 0.19583333281249998 0.006765625 0.2590208328125 0.006765625 0.25452083281250004
1 0.425375 0.4831041671875 0.43624999999999997 0.5121041671875 0.5383493296874999 0.5524970234375 0.5439895828125 0.5448645828124999 0.546203125 0.5556041671874999 0.685171875 0.48793749999999997 0.692421875 0.5121041671875 0.71659375 0.5169374999999999 0.72384375 0.5395 0.7322968750000001 0.5556041671874999 0.74921875 0.4927708328125 0.74921875 0.46216666718750005 0.7383437500000001 0.450875 0.7190000000000001 0.4524791671875 0.725046875 0.4251041671875 0.7347187500000001 0.43314583281249996 0.737140625 0.3977083328125 0.768546875 0.3445416671875 0.7794218749999999 0.32037499999999997 0.78184375 0.3091041671875 0.7794218749999999 0.2736458328125 0.76734375 0.276875 0.7516406250000001 0.2881458328125 0.7359218750000001 0.2688125 0.7322968750000001 0.2575416671875 0.710546875 0.2494791671875 0.6900000000000001 0.2510833328125 0.677921875 0.2446458328125 0.4821578125 0.3679083328125 0.47853124999999996 0.3767708328125 0.47490729218750005 0.37247361093750003 0.46946875 0.3791875 0.4676567703125 0.3770388890625 0.46040625 0.3816041671875 0.43865625 0.3703125 0.3538918265625 0.44319711406250006 0.346828125 0.4492708328125 0.357703125 0.4863333328125 0.403625 0.4911666671875 0.425375 0.4831041671875
1 0.5136875 0.1291458328125 0.48168749999999994 0.12139583281249999 0.478984375 0.1229375 0.48848437499999997 0.136125 0.5136875 0.1291458328125
1 0.0595 0.1119791671875 0.0624352671875 0.11383928593749999 0.0947388390625 0.10536309531250002 0.118171875 0.11139583281250001 0.161203125 0.1039791671875 0.212359375 0.1022708328125 0.2151423609375 0.095917825 0.22007812499999999 0.1016875 0.23969444375 0.09669212968749999 0.25606249999999997 0.09720833281249999 0.256671875 0.0953125 0.261328125 0.09908333281250001 0.262734375 0.0915208328125 0.23151041718749998 0.0964340265625 0.2233263890625 0.096175925 0.22007812499999999 0.093125 0.20979687500000002 0.089125 0.20423437500000002 0.1022708328125 0.1978125 0.1016875 0.19877430625 0.0954016203125 0.19523437500000002 0.0885625 0.190590278125 0.09514351875 0.189671875 0.10054166718749999 0.18153125 0.10054166718749999 0.18240625 0.0948854171875 0.181109375 0.0919791671875 0.179828125 0.0919791671875 0.178109375 0.10054166718749999 0.168265625 0.088 0.154125 0.0788541671875 0.13271875 0.08 0.12459374999999999 0.0834166671875 0.12511805625 0.0930787046875 0.116934028125 0.09282060156250001 0.116453125 0.09427083281250001 0.10874999999999999 0.0925625 0.11089062499999999 0.10112499999999999 0.1028147328125 0.10324404843749999 0.064640625 0.09712499999999999 0.062078125 0.1085416671875 0.051796875 0.10112499999999999 0.040234375 0.0965625 0.02909375 0.0959791671875 0.0108333328125 0.1024513890625 0.0017031250000000002 0.1056875 0.047078125 0.11595833281250001 0.054359375 0.11595833281250001 0.0595 0.1119791671875
0 0.267203125 0.36454166718750003 0.28054687500000003 0.3882708328125 0.283734375 0.43825000000000003 0.283734375 0.44333333281250004 0.29071875 0.4568958328125 0.30215625 0.45943750000000005 0.288171875 0.3815 0.274828125 0.3425208328125 0.264671875 0.3171041671875 0.268484375 0.29254166718749997 0.274828125 0.2730416671875 0.249421875 0.2950833328125 0.246875 0.3179583328125 0.255140625 0.3416666671875 0.267203125 0.36454166718750003
0 0.498265625 0.2379375 0.49571875 0.2704583328125 0.5046406250000001 0.26414583281250004 0.51375 0.2461875 0.5197499999999999 0.2372083328125 0.522109375 0.2304166671875 0.522296875 0.2267708328125 0.525390625 0.2226458328125 0.537765625 0.219 0.5570625 0.21172916718749998 0.56925 0.20979166718750003 0.56525 0.2054166671875 0.55996875 0.20274999999999999 0.55396875 0.19885416718749999 0.533578125 0.198625 0.515015625 0.1991041671875 0.506328125 0.2024791671875 0.5018281250000001 0.20741666718750001 0.49574999999999997 0.21729166718749998 0.49389062499999997 0.23318750000000002 0.49390625000000005 0.23356249999999998 0.494625 0.2364791671875 0.498265625 0.2379375
0 0.8373437499999999 1 0.839671875 0.9267291671875 0.84121875 0.8864583328125001 0.838125 0.8699375 0.8245625000000001 0.851875 0.8106249999999999 0.84825 0.8028906250000001 0.8508333328125 0.80171875 0.8632291671875001 0.8028906250000001 0.8833541671875 0.7726875 0.9323958328125 0.769203125 0.94375 0.73978125 0.9644166671875001 0.70609375 0.9881666671874999 0.684015625 1 0.763390625 1 0.8098593749999999 1 0.8292187500000001 1 0.8373437499999999 1
1 0.676203125 0.1991041671875 0.673234375 0.20964583281250002 0.67521875 0.20964583281250002 0.68459375 0.2089791671875 0.6865625 0.20833333281250002 0.6870625 0.20833333281250002 0.6934843749999999 0.2010833328125 0.6949687499999999 0.1945 0.697921875 0.1866041671875 0.702375 0.1912083328125 0.701875 0.2010833328125 0.702859375 0.2050416671875 0.703359375 0.21425 0.7073125 0.21820833281250002 0.71175 0.21820833281250002 0.716203125 0.2162291671875 0.723609375 0.21031249999999999 0.72509375 0.1931875 0.746328125 0.1945 0.75965625 0.1951666671875 0.765578125 0.1912083328125 0.772984375 0.1740833328125 0.77496875 0.1675 0.763109375 0.16554166718750002 0.758171875 0.1602708328125 0.75225 0.15237499999999998 0.733484375 0.1582916671875 0.725578125 0.16554166718750002 0.716203125 0.1642083328125 0.708296875 0.157625 0.6974375 0.1589583328125 0.696453125 0.1661875 0.67275 0.1872708328125 0.676203125 0.1905625 0.676203125 0.19779166718750002 0.676203125 0.1991041671875