1 0.687640625 0.9123541671875 0.6893281250000001 0.9505625 0.701125 0.9842708328124999 0.9960625000000001 0.9887708328124999 0.985953125 0.9685416671875 0.967421875 0.9191041671875 0.967421875 0.8696666671875001 0.97921875 0.8089791671875 0.987640625 0.7752708328125 0.97921875 0.7595416671875 0.9219062499999999 0.7505625 0.8932656250000001 0.7595416671875 0.785390625 0.7955 0.731453125 0.8292083328125001 0.707859375 0.8606666671875001 0.687640625 0.9123541671875
0 0.534640625 0.9584791671874999 0.5474218750000001 0.9894583328125 0.5706562500000001 1 0.562515625 0.9662291671875 0.562515625 0.9383541671875 0.540453125 0.9011666671875 0.4335625 0.8825833328125 0.41496875 0.899625 0.405671875 0.8965208328125 0.37315624999999997 0.891875 0.40800000000000003 0.9460833328125 0.43589062500000003 0.9445416671875 0.534640625 0.9584791671874999
0 0.8876875 0.4372291671875 0.8962031250000001 0.4408125 0.8981562500000001 0.4414583328125 0.9020468749999999 0.4174375 0.8971718750000001 0.41320833281249997 0.88646875 0.412875 0.8762343749999999 0.4145 0.86528125 0.421 0.86284375 0.42845833281249995 0.868203125 0.429125 0.8815937500000001 0.42814583281249996 0.8876875 0.4372291671875
0 0.7925859375 0.6880833328125 0.7874375 0.6965625 0.754328125 0.7891666671875 0.760796875 0.7945416671875 0.7805364578125 0.748488425 0.785828125 0.7557708328125 0.788453125 0.7447395828125 0.795515625 0.7525625 0.806828125 0.7116458328124999 0.7963281249999999 0.7116458328124999 0.797734375 0.6796041671874999 0.8646640624999999 0.569375 0.869 0.5695 0.873046875 0.5974999999999999 0.8746562499999999 0.5985833328125 0.8803124999999999 0.6524166671875 0.8879843749999999 0.6545625 0.8988906249999999 0.7234791671874999 0.8983515625 0.71235069375 0.904546875 0.7084166671875 0.904546875 0.6997916671875 0.8978125 0.7012222234375 0.8972734375 0.6900937500000001 0.9053515624999999 0.68740625 0.9061562500000001 0.6750208328125 0.896734375 0.6789652765625 0.89565625 0.6567083328125001 0.9061562500000001 0.6545625 0.9061562500000001 0.6438125 0.904546875 0.6265833328125 0.8988906249999999 0.6125833328125 0.8932343749999999 0.6039583328125 0.8908125 0.5856666671874999 0.898078125 0.5695 0.8932343749999999 0.5608958328125 0.8835468750000001 0.5587500000000001 0.873046875 0.5587500000000001 0.8698124999999999 0.5608958328125 0.865134375 0.5527166671875 0.841396875 0.5346166671875 0.837515625 0.5253541671875 0.8334843749999999 0.5285833328125 0.83025 0.5178333328125 0.8286250000000001 0.5178333328125 0.81409375 0.5006041671875 0.7906718749999999 0.4855208328125 0.779375 0.48120833281250003 0.77128125 0.4833541671875 0.769671875 0.5048958328125 0.77371875 0.5221250000000001 0.77371875 0.5415208328125 0.776140625 0.5468958328125 0.7925859375 0.6880833328125
0 0.9188750000000001 0.6056041671875 0.9233281249999999 0.6674583328125 0.9296875 0.6793125 0.9379375 0.6691458328125 0.965265625 0.6378125 0.984328125 0.6217083328124999 0.98940625 0.6098541671875 0.953828125 0.5768125000000001 0.9265000000000001 0.5412291671875 0.9150625 0.5454583328125 0.90109375 0.555625 0.8877499999999999 0.5657916671875001 0.8909218750000001 0.5852708328125 0.89728125 0.5759583328125 0.909984375 0.5683333328125 0.9188750000000001 0.6056041671875
0 0.8845625 0.5231041671875001 0.892828125 0.5256458328125 0.8960000000000001 0.5518958328125 0.902359375 0.5518958328125 0.900453125 0.5281875 0.9131562499999999 0.5273333328125 0.9061718750000001 0.5205625 0.8909218750000001 0.5010625 0.8769375 0.49175 0.8813906250000001 0.5476666671875 0.88584375 0.5476666671875 0.8845625 0.5231041671875001
0 0.921453125 0.6900625 0.9155468750000001 0.7275625 0.916953125 0.7624166671875 0.929328125 0.7627916671875 0.9318593749999999 0.7620416671875 0.9307343749999999 0.7253125 0.9366406250000001 0.7020625 0.9501406250000001 0.6803125 0.9737656250000001 0.6596875 0.9920312499999999 0.6454375 0.995125 0.6405624999999999 0.995125 0.6326875000000001 0.993140625 0.6315000000000001 0.99315625 0.6259375 0.9481718750000001 0.6593125 0.921453125 0.6900625
0 0.9796093750000001 0.9980416671875 0.967046875 0.8807499999999999 0.95196875 0.8740416671875 0.93940625 0.8874583328125001 0.92684375 0.8690208328125 0.92809375 0.8221041671875 0.925578125 0.8941458328125 0.931875 0.9109166671875 0.94065625 0.99975 0.9796093750000001 0.9980416671875
0 0.81803125 0.4965 0.81496875 0.5058125 0.830265625 0.5163125 0.828953125 0.4772708328125 0.799671875 0.4772708328125 0.7948593749999999 0.48075 0.804921875 0.49416666718749996 0.81803125 0.4965
0 0.8189062500000001 0.4532083328125 0.81803125 0.4730208328125 0.822828125 0.4730208328125 0.8206562500000001 0.47010416718750003 0.823265625 0.456125 0.8263281250000001 0.45145833281250003 0.8241406250000001 0.44679166718749996 0.8189062500000001 0.4532083328125
1 0.8253281250000001 0.45218749999999996 0.8487656250000001 0.4603333328125 0.850125 0.4621458328125 0.879328125 0.515125 0.8800000000000001 0.5074375 0.854875 0.4639583328125 0.8766093749999999 0.4639583328125 0.8827187500000001 0.49068750000000005 0.889859375 0.4902291671875 0.8817031249999999 0.4639583328125 0.892578125 0.4657708328125 0.8973281249999999 0.44947916718750003 0.8766093749999999 0.4499166671875 0.85521875 0.4476666671875 0.830078125 0.4476666671875 0.8253281250000001 0.4499166671875 0.8253281250000001 0.45218749999999996