0 0.7172 0.84952 0.7167600000000001 0.8322933328125 0.7172 0.8215999999999999 0.7172 0.8091466671875001 0.7167600000000001 0.79904 0.7167600000000001 0.7937066671874999 0.7167600000000001 0.7824 0.7167600000000001 0.7770666671875001 0.7172 0.7746933328125001 0.72256 0.77112 0.72878 0.7687466671875 0.73368 0.7687466671875 0.7421599999999999 0.7687466671875 0.75328 0.7681600000000001 0.75862 0.77112 0.77066 0.77232 0.78312 0.7729066671875 0.7844599999999999 0.7741066671875 0.7866799999999999 0.7913066671875 0.7853600000000001 0.8055733328124999 0.78402 0.81448 0.79694 0.81448 0.79604 0.8049866671875 0.79604 0.79192 0.79694 0.7741066671875 0.79694 0.7604533328125 0.7964800000000001 0.7283733328124999 0.79604 0.71888 0.7964800000000001 0.6897866671874999 0.7933600000000001 0.6832533328125 0.7853600000000001 0.67136 0.7804599999999999 0.6689866671875 0.772 0.66304 0.76352 0.6594933328125 0.75552 0.6565066671875 0.7510600000000001 0.6565066671875 0.74348 0.6565066671875 0.73146 0.6606666671875 0.72344 0.6660266671875 0.71766 0.6730400000000001 0.70976 0.6891733328125 0.70924 0.7066933328125 0.7096199999999999 0.7201066671875 0.7091999999999999 0.7474133328125 0.7091999999999999 0.75888 0.7096199999999999 0.7884 0.70838 0.8162666671875 0.7088 0.8446933328125 0.70634 0.8752800000000001 0.71704 0.8710133328125 0.71854 0.86912 0.7181 0.8613866671875 0.7172 0.84952
0 0.23490000000000003 0.9487733328125 0.21812 0.9062666671875 0.1963 0.8682133328124999 0.17450000000000002 0.8458666671874999 0.15267999999999998 0.8346666671875 0.13926 0.8391466671875 0.13422 0.86152 0.13422 0.8883466671875 0.13757999999999998 0.9330933328125001 0.15267999999999998 0.9890399999999999 0.24664000000000003 0.9845599999999999 0.24162 0.9711466671875 0.23490000000000003 0.9487733328125
0 0.8207800000000001 0.97752 0.8325799999999999 0.9415733328125 0.83764 0.8853866671875 0.8325799999999999 0.8494400000000001 0.81404 0.8247199999999999 0.79044 0.8179733328125 0.74326 0.8539199999999999 0.72304 0.8853866671875 0.7028 0.97752 0.75674 0.9820266671875 0.8191 0.9820266671875 0.8207800000000001 0.97752
1 0.39182 0.9632266671874999 0.46918 0.9856533328125 0.55662 0.9834133328125001 0.64406 0.9497866671875 0.64742 0.9004533328125 0.62892 0.8668266671874999 0.5818399999999999 0.85336 0.4944 0.8354133328125 0.35985999999999996 0.8466400000000001 0.27746 0.8735466671875001 0.2556 0.8959733328124999 0.2556 0.93408 0.26402000000000003 0.9654666671875001 0.3027 0.9856533328125 0.30606 0.9923733328125 0.34809999999999997 0.9677066671875 0.39182 0.9632266671874999
1 0.25934 0.66608 0.22632 0.6553333328125001 0.15442 0.6582666671874999 0.11188000000000001 0.6690133328125001 0.10747999999999999 0.6788000000000001 0.10894 0.6837066671875001 0.11628000000000001 0.6739200000000001 0.1515 0.6680533328125 0.16763999999999998 0.6778133328125 0.18378 0.6934666671875 0.23220000000000002 0.6915199999999999 0.22778 0.6895733328125 0.25934 0.6817333328124999 0.25934 0.66608
1 0.78856 0.6725333328125 0.79308 0.6665066671875 0.79036 0.6592800000000001 0.77862 0.6520533328125 0.76146 0.6508533328125 0.7379800000000001 0.6496533328125 0.7289399999999999 0.6484533328125 0.7163 0.6460533328125 0.70546 0.6460533328125 0.6964400000000001 0.6460533328125 0.67476 0.6484533328125 0.64856 0.65328 0.64044 0.65808 0.64134 0.6665066671875 0.64494 0.6701333328125 0.65308 0.6725333328125 0.66302 0.67616 0.7172 0.67976 0.73166 0.6629066671875 0.76958 0.6629066671875 0.78856 0.6725333328125
1 0.72132 0.62472 0.72698 0.6252533328125 0.7273799999999999 0.6177066671875 0.73668 0.6080266671875 0.74416 0.6045066671875 0.7579 0.5996533328125 0.76012 0.59536 0.7550600000000001 0.59184 0.73244 0.5907733328125 0.7148399999999999 0.59104 0.70354 0.5926666671875 0.71506 0.6026133328125 0.72092 0.6072 0.72092 0.6155733328124999 0.72132 0.62472
1 0.9994799999999999 0.6815466671875 0.96998 0.6837333328125 0.96998 0.68864 0.9998799999999999 0.7154133328125 0.9994799999999999 0.6815466671875
1 0.26304 0.8901333328125001 0.2993 0.8627466671875 0.2993 0.8273066671875 0.30172 0.7950933328125 0.31742 0.7548 0.35852 0.74352 0.3718 0.7225866671875 0.37422 0.7113066671875 0.31379999999999997 0.7032533328125 0.24008 0.6984 0.19538 0.70648 0.16638 0.7241866671875 0.16396 0.7483466671875 0.1845 0.7564266671875 0.20988 0.7596266671875 0.21472000000000002 0.7934666671875 0.25458 0.8273066671875 0.25458 0.8595200000000001 0.26304 0.8901333328125001
1 0.02248 0.6735733328125 0.018959999999999998 0.6810666671875001 0.0246 0.6857599999999999 0.064473334375 0.669182221875 0.08442 0.6669866671875 0.08512 0.6566666671875 0.10482 0.6519733328124999 0.10269999999999999 0.6454133328125 0.07174 0.6435466671875 0.053686665625 0.671377778125 0.0429 0.6735733328125 0.04218 0.6435466671875 0.031979999999999995 0.6442466671875 0.00138 0.6463466671875 0.00138 0.6538666671875 0.009819999999999999 0.6669866671875 0.02248 0.6735733328125
1 0.90284 0.654222221875 0.9103 0.65864 0.8997400000000001 0.67024 0.9047000000000001 0.67272 0.93638 0.6081066671875 0.98234 0.6221866671875 0.9991199999999999 0.6155733328124999 1 0.6081066671875 0.9871399999999999 0.6068666671875 0.9773799999999999 0.6172266671875 0.97302 0.60896 0.97428 0.6056266671875 0.9542228578125 0.6087047625 0.94198 0.6056266671875 0.92644 0.6056266671875 0.9241371421875 0.6133219046875 0.9158799999999999 0.6056266671875 0.914108571875 0.6148609515625 0.9077999999999999 0.6056266671875 0.9016 0.6056266671875 0.9016 0.6164 0.88918 0.6197066671875 0.90594 0.6382044453125 0.90284 0.654222221875
0 1 0.7109066671875001 0.9978400000000001 0.704 0.9866199999999999 0.69248 0.96674 0.68672 0.9512 0.68672 0.93998 0.69016 0.9270200000000001 0.6970933328125 0.9227000000000001 0.7109066671875001 0.9244199999999999 0.7385333328125 0.9321999999999999 0.77656 0.9304600000000001 0.83184 0.9164 0.9537066671875 0.93262 0.9465866671875001 0.94452 0.8434133328125 0.98224 0.8407466671874999 0.9862 0.9227733328125 0.9981199999999999 0.9227733328125 0.9978400000000001 0.9136266671875 0.99526 0.8859733328124999 0.99526 0.8456533328125 0.9866199999999999 0.83184 0.9762600000000001 0.8272266671875 0.9615600000000001 0.82032 0.9615600000000001 0.8041866671875001 0.9710599999999999 0.79728 0.9944000000000001 0.7926666671875 0.99698 0.78576 1 0.7454666671875 1 0.7109066671875001
0 0.92484 0.6969866671875 0.9243399999999999 0.70488 0.92878 0.6943466671875 0.93126 0.6798666671875 0.93545 0.6762333328125 0.94162 0.6792 0.95496 0.6792 0.95792 0.6857866671874999 0.98064 0.6838133328125 0.9836 0.6745866671875 0.98508 0.6383733328125001 0.97916 0.6179733328125 0.96878 0.6041333328125 0.9632250000000001 0.61615 0.95594 0.6107199999999999 0.9534800000000001 0.60152 0.9317399999999999 0.6081066671875 0.92384 0.6232266671875 0.925 0.683377778125 0.9297599999999999 0.68448 0.92484 0.6969866671875
0 0.40162000000000003 0.8418666671875 0.44426 0.8404533328125 0.49972000000000005 0.84328 0.49226000000000003 0.83192 0.4816 0.8077333328125 0.4624 0.7892533328125 0.4368 0.7778666671875001 0.43148 0.7793066671875 0.41334 0.7764533328125001 0.39842 0.7793066671875 0.37602 0.79352 0.3547 0.8191200000000001 0.3451 0.8503999999999999 0.34402 0.8532266671875 0.36642 0.8489866671874999 0.40162000000000003 0.8418666671875
0 0.7015399999999999 0.6317333328125 0.72004 0.6245066671874999 0.70922 0.5908266671875 0.702 0.58904 0.6826 0.58904 0.6735800000000001 0.59864 0.67584 0.6503733328125 0.67494 0.6503733328125 0.6853 0.6515733328125 0.7015399999999999 0.6317333328125
0 0.29806 0.6 0.28832 0.6129866671875 0.30974 0.6545333328125 0.32338 0.6441600000000001 0.31948 0.62856 0.29806 0.6
0 0.4104 0.7465333328125 0.37229999999999996 0.7958666671875 0.42998000000000003 0.77408 0.47569999999999996 0.7973066671875 0.49854000000000004 0.8393866671874999 0.49092 0.7595733328125001 0.46807999999999994 0.7450666671875 0.44414 0.7407199999999999 0.4104 0.7465333328125
0 0.6935 0.75888 0.7013 0.8238133328125 0.6974 0.74328 0.68182 0.71472 0.6487 0.7225066671875 0.6233799999999999 0.6549866671875 0.61754 0.6497866671875 0.63896 0.7277066671875 0.61948 0.8290133328125 0.64676 0.7406933328124999 0.6935 0.75888
0 0.12098 0.7791466671875 0.13216 0.7746666671875 0.15958 0.7649600000000001 0.18418 0.77168 0.18418 0.7493066671874999 0.16796 0.7410933328125 0.16796 0.7403466671875 0.16908 0.7232000000000001 0.18922 0.7157333328125 0.17636000000000002 0.6791733328125 0.15958 0.6709866671875 0.13776 0.6694933328125 0.1165 0.6761866671875 0.10084 0.69784 0.10306 0.7246933328125 0.10362 0.8067466671875 0.11034 0.7977866671875 0.11146 0.7746666671875 0.12098 0.7791466671875
0 0.24822000000000002 1 0.25134 0.9676266671875 0.24822000000000002 0.8908533328124999 0.24512 0.8368800000000001 0.23812000000000003 0.80888 0.2171 0.7839733328125 0.1953 0.77256 0.16806000000000001 0.76424 0.13928000000000001 0.76944 0.11438 0.7829333328125 0.10582 0.80576 0.10813999999999999 0.8586666671875 0.11438 0.9209333328125 0.11204 0.9977333328125001 0.11982 1 0.12448 0.9572533328124999 0.12448 0.9427199999999999 0.13694 0.9396266671875001 0.13616 0.9219733328125 0.1346 0.9064 0.1385 0.87944 0.14472000000000002 0.8452 0.16418 0.8348000000000001 0.21088 0.8815200000000001 0.21476 0.8918933328125 0.23344 0.8918933328125 0.23965999999999998 0.8949866671875 0.23965999999999998 0.9956533328124999 0.24356 1 0.24822000000000002 1
1 0.8589 0.64704 0.8718 0.64704 0.8728199999999999 0.6394666671875 0.86456 0.6312266671875 0.8433999999999999 0.6257066671875 0.8124399999999999 0.6236533328125 0.78406 0.6243466671875 0.75722 0.6291466671875 0.7489600000000001 0.62984 0.7489600000000001 0.63536 0.75722 0.6401600000000001 0.79798 0.64568 0.8589 0.64704
1 0.36448 0.62712 0.37344 0.6218933328125 0.41484 0.6502399999999999 0.42489999999999994 0.6420533328125 0.44728 0.6323466671875 0.44728 0.6256266671875 0.42322 0.6189333328125 0.40923999999999994 0.63384 0.4084 0.6189333328125 0.40196 0.6241333328125 0.39358 0.6189333328125 0.37903 0.6230266671875 0.37120000000000003 0.61744 0.33818000000000004 0.62264 0.33818000000000004 0.6315999999999999 0.35775999999999997 0.63608 0.36448 0.62712
1 0.05147 0.8358933328125 0.07321 0.8356266671875 0.07396 0.8384266671875 0.08408 0.8354933328125 0.08448 0.8372266671874999 0.10582 0.8352266671875 0.10551999999999999 0.8176 0.10912 0.8007733328125 0.07636 0.8039733328124999 0.07516 0.8211999999999999 0.0442 0.8224 0.0442 0.8067733328125 0.03308 0.8135999999999999 0.02858 0.8236000000000001 0.02858 0.8336266671875 0.0442 0.8380266671875001 0.05147 0.8358933328125
0 0.49398 0.7884266671875 0.52626 0.7862133328125 0.5323800000000001 0.8389066671875 0.54018 0.8366666671875 0.53294 0.7594933328125 0.54186 0.7290666671875 0.54464 0.6919733328125 0.53796 0.6719466671875 0.52626 0.6682400000000001 0.5151399999999999 0.6719466671875 0.50568 0.6815733328125 0.49454000000000004 0.6993866671875 0.4862 0.72536 0.48285999999999996 0.7535733328124999 0.48342 0.7580266671875 0.48676 0.7669333328125 0.49398 0.7884266671875
0 0.03 0.6639999999999999 0.020833334375000002 0.661777778125 0.014499999999999999 0.6893333328125 0.018 0.696 0.012 0.704 0.0144 0.7077333328125001 0.012 0.7226666671875 0.029777778124999998 0.790814815625 0.014000000000000002 0.8 0.024 0.8008888875 0.014000000000000002 0.8160000000000001 0.014000000000000002 0.8320000000000001 0.018 0.8480000000000001 0.024 0.8560000000000001 0.038 0.8560000000000001 0.044 0.8453333328125 0.0368888875 0.818074075 0.044 0.8026666671875 0.044 0.7466666671875 0.04 0.7093333328125 0.03 0.696 0.03 0.6799999999999999 0.038 0.648 0.041999999999999996 0.6426666671875 0.03884210625 0.6248421046875 0.044 0.624 0.2055789484375 0.631578946875 0.21000000000000002 0.64 0.21000000000000002 0.6559999999999999 0.21800000000000003 0.6666666671875 0.22200000000000003 0.6666666671875 0.22200000000000003 0.6746666671875 0.21200000000000002 0.6853333328125 0.21200000000000002 0.7013333328125 0.21800000000000003 0.7093333328125 0.248 0.712 0.254 0.704 0.266 0.704 0.272 0.6933333328125 0.27999999999999997 0.696 0.286 0.704 0.32599999999999996 0.7013333328125 0.32999999999999996 0.7066666671874999 0.344 0.7066666671874999 0.348 0.7013333328125 0.368 0.7146666671874999 0.36 0.736 0.358 0.752 0.34199999999999997 0.7546666671875 0.33199999999999996 0.7626666671875 0.31 0.7626666671875 0.304 0.7706666671875 0.304 0.792 0.31 0.8 0.32799999999999996 0.8 0.33199999999999996 0.7946666671875 0.352 0.792 0.36 0.8106666671875 0.366 0.808 0.386 0.7786666671875 0.39 0.7626666671875 0.4 0.7493333328125 0.42000000000000004 0.6906666671874999 0.42000000000000004 0.6533333328125 0.6940000000000001 0.648 0.744 0.6533333328125 0.75 0.6426666671875 0.79 0.6719999999999999 0.796 0.6906666671874999 0.83044444375 0.7402962953125 0.826 0.752 0.798 0.7626666671875 0.8039999999999999 0.8160000000000001 0.8099999999999999 0.8240000000000001 0.8220000000000001 0.8240000000000001 0.8300000000000001 0.8106666671875 0.89 0.8293333328125 0.884 0.8613333328125 0.884 0.8800000000000001 0.89 0.8880000000000001 0.9099999999999999 0.8853333328125 0.9199999999999999 0.8693333328125 0.89244444375 0.8296296296874999 0.9028888875 0.8205925921875 0.922 0.8186666671875 0.913333334375 0.8115555546875 0.925 0.8053333328125 0.9279999999999999 0.792 0.9279999999999999 0.768 0.9179999999999999 0.6986666671874999 0.906 0.6826666671875 0.914 0.6559999999999999 0.9119999999999999 0.6186666671875 0.908 0.6133333328125 0.8960000000000001 0.6133333328125 0.8880000000000001 0.6293333328124999 0.884 0.6293333328124999 0.8779999999999999 0.6373333328124999 0.8800000000000001 0.6639999999999999 0.8699999999999999 0.6639999999999999 0.8560000000000001 0.688 0.85 0.688 0.8400000000000001 0.6453333328124999 0.8300000000000001 0.6266666671875 0.8 0.6266666671875 0.79 0.6373333328124999 0.784 0.632 0.792 0.6026666671875 0.792 0.592 0.786 0.5813333328125 0.77 0.5813333328125 0.762 0.5973333328125 0.752 0.608 0.744 0.6053333328125 0.738 0.5946666671874999 0.732 0.592 0.732 0.576 0.726 0.5653333328125 0.712 0.5653333328125 0.706 0.5733333328125 0.40599999999999997 0.6092517015625 0.40199999999999997 0.6213333328124999 0.396 0.6213333328124999 0.396 0.610448978125 0.39 0.6133333328125 0.386 0.611646259375 0.366 0.614040815625 0.36 0.624 0.356 0.6152380953125001 0.266 0.6260136046875 0.258 0.6346666671875 0.256 0.6272108859375 0.248 0.636 0.246 0.6284081625 0.238 0.6373333328124999 0.236 0.6296054421874999 0.22999999999999998 0.632 0.21600000000000003 0.632 0.038 0.6133333328125 0.026000000000000002 0.6133333328125 0.0284210515625 0.6244210531250001 0.018 0.624 0.018 0.64 0.024 0.648 0.03 0.648 0.03 0.6639999999999999