0 0.361515625 0.7791406249999999 0.36821875 0.733890625 0.3464375 0.71546875 0.19228125000000001 0.6819531249999999 0.145359375 0.68865625 0.133625 0.713796875 0.1436875 0.782484375 0.15540625 0.77578125 0.35984375 0.795890625 0.361515625 0.7791406249999999
0 0.421390625 0.3101875 0.42271875000000003 0.318125 0.427359375 0.317125 0.43496875 0.315484375 0.44787499999999997 0.3148125 0.45846875000000004 0.313828125 0.463421875 0.28503124999999996 0.4614375 0.278078125 0.44820312500000004 0.273109375 0.439265625 0.272453125 0.419734375 0.27775 0.41478125 0.286015625 0.415109375 0.301578125 0.4154375 0.30125 0.41907812499999997 0.303890625 0.421390625 0.3101875
0 0.3005625 0.342984375 0.3005625 0.33382812500000003 0.2934375 0.31043750000000003 0.289375 0.306359375 0.28326562499999997 0.30128125 0.2639375 0.30128125 0.2558125 0.304328125 0.2486875 0.304328125 0.2486875 0.313484375 0.25275 0.318578125 0.2639375 0.340953125 0.2710625 0.344 0.274109375 0.342984375 0.3005625 0.342984375
0 0.0345625 0.561015625 0.038875 0.561015625 0.05615625 0.5567031250000001 0.064796875 0.5567031250000001 0.103671875 0.673328125 0.107984375 0.6798124999999999 0.11446875000000001 0.6798124999999999 0.082078125 0.5329375 0.088546875 0.522140625 0.066953125 0.519984375 0.043203124999999995 0.519984375 0.038875 0.519984375 0.0345625 0.519984375 0.032390625 0.53078125 0.0345625 0.561015625
0 0.17109375 0.32275 0.1809375 0.31660937499999997 0.1963125 0.337515625 0.198765625 0.336890625 0.189546875 0.32153125 0.20184375000000002 0.32090625 0.21414062500000003 0.338125 0.21967187500000002 0.341203125 0.22028124999999998 0.336890625 0.20798437500000003 0.31721875 0.21353125 0.31721875 0.22275 0.3110625 0.22889062500000001 0.30615625 0.233203125 0.30060937499999996 0.23689062500000002 0.292 0.23628125 0.28646875 0.22889062500000001 0.282171875 0.21967187500000002 0.282171875 0.20614062500000002 0.292 0.19384375 0.308 0.18462499999999998 0.310453125 0.171703125 0.30984375000000003 0.164328125 0.318453125 0.1655625 0.32153125 0.168015625 0.32828124999999997 0.17109375 0.32275
1 0.08 0.9694062499999999 0.42353125 0.9623593749999999 0.498828125 0.84940625 0.498828125 0.83059375 0.498828125 0.81646875 0.044703124999999996 0.7670625 0.035296875 0.7623593750000001 0.035296875 0.9341250000000001 0.08 0.9694062499999999
1 0.175953125 0.514203125 0.146484375 0.525 0.189703125 0.531875 0.26928125 0.534828125 0.24865624999999997 0.523046875 0.229984375 0.5151875 0.21034375 0.50928125 0.18578125 0.5004375 0.184796875 0.48767187500000003 0.212296875 0.4798125 0.222125 0.451328125 0.229 0.41693749999999996 0.229 0.415953125 0.2260625 0.3884375 0.2673125 0.3884375 0.28893749999999996 0.3855 0.31251562499999996 0.371734375 0.32528125 0.34815625 0.238828125 0.340296875 0.116015625 0.3678125 0.116015625 0.378625 0.169078125 0.38746875 0.175953125 0.514203125
1 0.172640625 0.30474999999999997 0.1886875 0.302515625 0.18912500000000002 0.302515625 0.18912500000000002 0.299390625 0.168625 0.29671875000000003 0.1650625 0.2980625 0.1650625 0.305640625 0.172640625 0.30474999999999997
0 0.050046875000000005 0.43131250000000004 0.04921875 0.503703125 0.055874999999999994 0.503703125 0.057546875 0.43131250000000004 0.072515625 0.43215624999999996 0.072515625 0.481234375 0.08665625 0.481234375 0.08915625 0.44046874999999996 0.09082812500000001 0.518671875 0.10579687499999998 0.518671875 0.108296875 0.443796875 0.12493749999999999 0.44296875 0.13740625 0.43298437500000003 0.125765625 0.41467187499999997 0.0958125 0.415515625 0.092484375 0.42465624999999996 0.070015625 0.41884375 0.063359375 0.40553125 0.070015625 0.39054687499999996 0.092484375 0.3830625 0.076671875 0.36974999999999997 0.06753125 0.34728125 0.068359375 0.32232812499999997 0.039234375 0.32482812499999997 0.036734375 0.32815625000000004 0.03340625 0.3855625 0.050046875000000005 0.43131250000000004
0 0.39823437500000003 0.361609375 0.39753125 0.371421875 0.40103906250000004 0.37984375 0.4059375 0.419109375 0.41085937499999997 0.42121875 0.41365625 0.4163125 0.4054739578125 0.408828125 0.4136861984375 0.40791796874999997 0.41365625 0.38615625 0.417171875 0.384046875 0.41377604218749997 0.38273437499999996 0.41383593750000003 0.3659453125 0.42207812499999997 0.369328125 0.43002604218749996 0.354359375 0.425725 0.34673750000000003 0.434 0.346875 0.41392578125 0.34076171875 0.41398567656249996 0.32397265625 0.412734375 0.320265625 0.42167187500000003 0.31856249999999997 0.41401562500000005 0.315578125 0.41870312500000006 0.3070625 0.40932812500000004 0.30451562499999996 0.41103125 0.29940625 0.388046875 0.293015625 0.38079687500000003 0.295140625 0.388890625 0.32239062500000004 0.392625 0.3461875 0.39823437500000003 0.361609375
0 0.423390625 0.42117187500000003 0.392671875 0.42117187500000003 0.385125 0.43276562500000004 0.36135937500000004 0.436828125 0.366 0.44203125 0.36309375 0.449 0.357890625 0.455953125 0.32078125 0.5324687499999999 0.329484375 0.534203125 0.37179687499999997 0.448421875 0.381078125 0.447828125 0.350921875 0.512765625 0.356140625 0.512765625 0.387453125 0.45246875 0.40657812499999996 0.48782812499999995 0.41237500000000005 0.47971874999999997 0.39846875000000004 0.455375 0.390921875 0.448421875 0.39440624999999996 0.44262499999999994 0.41643749999999996 0.444359375 0.42281250000000004 0.45653125 0.42803125 0.44957812500000005 0.42281250000000004 0.440875 0.42628125 0.435078125 0.43440625 0.435078125 0.43962500000000004 0.42523437499999994 0.44542187499999997 0.3921875 0.447734375 0.365515625 0.444828125 0.35509375 0.437875 0.35971875 0.4274375 0.36320312499999996 0.42164062500000005 0.37015625 0.41875 0.383484375 0.420484375 0.396828125 0.428609375 0.400296875 0.423390625 0.42117187500000003
1 0.3944375 0.345484375 0.463890625 0.34671875 0.46637500000000004 0.3788125 0.46668750000000003 0.3788125 0.46762499999999996 0.372265625 0.46668750000000003 0.345171875 0.49753125000000004 0.33768750000000003 0.501265625 0.33614062499999997 0.51434375 0.326484375 0.53334375 0.31278125 0.471671875 0.31246874999999996 0.45143750000000005 0.31153125 0.414375 0.3205625 0.41375 0.316828125 0.4125 0.31121875 0.40845312500000003 0.3040625 0.407203125 0.298453125 0.40346875000000004 0.299390625 0.40284375 0.304984375 0.400984375 0.31028125 0.399421875 0.322125 0.391015625 0.323671875 0.39225 0.337078125 0.3935 0.344859375 0.3944375 0.345484375