0 0.016125 0.7698958328125001 0.011296875000000001 0.7462291671875 0.017734375 0.7397916671875 0.02096875 0.7333333328125 0.0241875 0.7290416671875 0.037093749999999995 0.7139791671875 0.061296874999999994 0.7096875 0.07257812500000001 0.7225833328125 0.07903125 0.7204375 0.082265625 0.705375 0.07903125 0.6817291671875 0.06290625 0.673125 0.059671875 0.6430208328125 0.07257812500000001 0.4408541671875 0.066125 0.4408541671875 0.06290625 0.4387083328125 0.061296874999999994 0.43224999999999997 0.05645312500000001 0.42795833281249995 0.045156249999999995 0.4064583328125 0.027421875000000002 0.4021458328125 0.02096875 0.4042916671875 0.00484375 0.43224999999999997 0.0032187500000000003 0.43224999999999997 0.0016093750000000001 0.7763541671875 0.016125 0.7698958328125001
0 0.23778125 0.33406250000000004 0.232015625 0.3417708328125 0.232015625 0.35041666718750003 0.228421875 0.351375 0.261578125 0.4426875 0.279609375 0.482125 0.283203125 0.5071041671875001 0.2774375 0.5109375 0.28104687500000003 0.6157291671875 0.26878125 0.6349583328125 0.272390625 0.6455208328125 0.282484375 0.6426458328125 0.281765625 0.6263124999999999 0.28896875 0.5782291671875 0.28753125 0.52825 0.304109375 0.5340208328125 0.312046875 0.475375 0.313484375 0.4734583328125 0.285375 0.3715625 0.26949999999999996 0.36964583281249996 0.260140625 0.3677291671875 0.23778125 0.33406250000000004
0 0.511296875 0.3075208328125 0.49839062500000003 0.2989166671875 0.493546875 0.3612916671875 0.55 0.3785 0.57096875 0.3096875 0.55 0.3010833328125 0.538703125 0.2817291671875 0.511296875 0.3075208328125
0 0.589859375 0.41060416718750004 0.5814375 0.4443125 0.542125 0.44243750000000004 0.5393125000000001 0.45085416718750004 0.532296875 0.45085416718750004 0.5365 0.4574166671875 0.540015625 0.4733125 0.550546875 0.48081250000000003 0.5631875 0.48268750000000005 0.573015625 0.4911041671875 0.5723125 0.5117083328125 0.580734375 0.5313541671875 0.578625 0.5135833328125 0.58425 0.5060833328125 0.5996875 0.476125 0.601796875 0.4648958328125 0.61021875 0.44616666718750003 0.6249687500000001 0.4124791671875 0.6502343749999999 0.3862708328125 0.67621875 0.37316666718749997 0.686046875 0.34602083281249996 0.6895625 0.3263541671875 0.6839375000000001 0.3244791671875 0.6698906250000001 0.3216875 0.662875 0.3038958328125 0.643921875 0.2917291671875 0.633390625 0.2963958328125 0.621453125 0.31043750000000003 0.6088125 0.30856249999999996 0.5954843750000001 0.3076458328125 0.5905625 0.3141875 0.59196875 0.3198125 0.589859375 0.3881458328125 0.60109375 0.3928125 0.601796875 0.40406250000000005 0.589859375 0.41060416718750004
0 0.95565625 0.4018541671875 0.97390625 0.4402291671875 0.989359375 0.48610416718750005 0.9921562500000001 0.47300000000000003 1 0.39997916718750004 0.9977812500000001 0.35691666718750004 0.99496875 0.3541041671875 0.968984375 0.3531875 0.95565625 0.33820833281249996 0.9359999999999999 0.3185416671875 0.9184374999999999 0.3213541671875 0.893171875 0.33258333281249997 0.87771875 0.3232291671875 0.877015625 0.3269583328125 0.8784218750000001 0.3690833328125 0.876328125 0.3700208328125 0.92546875 0.3896875 0.95565625 0.4018541671875
0 0.532546875 0.599625 0.53621875 0.6084375 0.5428124999999999 0.599625 0.573625 0.5057291671875 0.57215625 0.49204166718750003 0.5376875 0.4783333328125 0.532546875 0.599625
1 0.291796875 0.3695 0.301203125 0.3765625 0.311484375 0.39929166718750003 0.322640625 0.4078958328125 0.33968750000000003 0.4122083328125 0.343515625 0.40437500000000004 0.375828125 0.395375 0.42993750000000003 0.3940625 0.491802884375 0.4156778859375 0.49565625 0.4151458328125 0.4995360578125 0.4183798078125 0.50428125 0.4257916671875 0.50726923125 0.42108173125 0.5227355765625 0.42648557656249997 0.515140625 0.43472916718750004 0.520890625 0.43941666718750005 0.52503125 0.4377083328125 0.53046875 0.4291875 0.601359375 0.4062083328125 0.59815625 0.3921458328125 0.490234375 0.3653333328125 0.4911875 0.3934166671875 0.42220432656250007 0.3913605765625 0.3758052890625 0.3751490375 0.37025 0.37733333281250003 0.36807211562500003 0.3724471140625 0.364078125 0.3757708328125 0.35996875 0.3730416671875 0.3603389421875 0.3697451921875 0.35496875 0.3726458328125 0.35260576875 0.36704326875 0.339984375 0.3640208328125 0.3371394234375 0.3616394234375 0.339390625 0.3557916671875 0.32940625 0.3589375 0.281515625 0.3667708328125 0.2885625 0.3757708328125 0.291796875 0.3695
1 0.4159296875 0.8193645828125 0.5568400296875 0.8299206359375001 0.75971875 0.9987708328125 0.7589518234375 0.9880833328125 0.7633854171875 0.9888802078125 0.80371875 0.8800833328125 0.75971875 0.8677916671875 0.750515625 0.8705208328125 0.42514062499999994 0.8023125 0.42053515625 0.8108385421875001 0.4155885421875 0.8021319437500001 0.396484375 0.8017708328125 0.325498046875 0.9271223953125001 0.320765625 0.9354791671875 0.33509375 0.9401041671874999 0.40671875 0.8364166671875 0.4159296875 0.8193645828125
1 0.840921875 0.3290833328125 0.8414531249999999 0.33599999999999997 0.8899531250000001 0.3280416671875 0.8904687499999999 0.33427083281250003 0.90240625 0.3315 0.90240625 0.3263125 0.9127812499999999 0.3238958328125 0.913296875 0.3162708328125 0.854671875 0.3069375 0.848453125 0.3183541671875 0.8417031250000001 0.316625 0.840921875 0.3290833328125
0 0.307125 0.3777291671875 0.299234375 0.3688125 0.287671875 0.3720416671875 0.28889062499999996 0.37933333281250003 0.31625000000000003 0.4766041671875 0.33875 0.4133958328125 0.329625 0.41258333281250004 0.307125 0.3777291671875
1 0.9555312499999999 0.3787916671875 0.9674375 0.3789791671875 0.971265625 0.3828541671875 0.973859375 0.3891666671875 0.9793593749999999 0.3891666671875 0.9778281249999999 0.3934375 0.9840937500000001 0.3971041671875 0.9863046875 0.3943541671875 0.994125 0.4019166671875 0.99446875 0.3869375 0.9930937500000001 0.3810208328125 0.9917343750000001 0.3769583328125 0.9848593749999999 0.37124999999999997 0.981640625 0.37043750000000003 0.979515625 0.37266666718749997 0.9785937499999999 0.3716666671875 0.9761562500000001 0.37675000000000003 0.9672968750000001 0.3688125 0.961953125 0.36575 0.9570624999999999 0.36535416718749997 0.9440781250000001 0.37043750000000003 0.9393437499999999 0.3773541671875 0.9378125 0.38327083281249996 0.9498749999999999 0.3867291671875 0.9532343750000001 0.38 0.9555312499999999 0.3787916671875