0 0.07633999999999999 0.9394366203125 0.23362 0.98459155 0.43822 0.9889014078124999 0.61992 0.9781408453125 0.61686 0.9394366203125 0.53136 0.9157746484375 0.39546000000000003 0.8619999999999999 0.34354 0.752338028125 0.28248 0.6039436625 0.21833999999999998 0.5028732390624999 0.10382 0.3974929578125 0.00458 0.3974929578125 0.00306 0.4426478875 0.00306 0.646957746875 0.01984 0.6835211265625001 0.04276 0.8168450703125 0.07633999999999999 0.9394366203125
0 0.23149999999999998 0.2229014078125 0.19244 0.22461971875 0.15154 0.24008450781250001 0.11982 0.26673239375 0.10089999999999999 0.289070421875 0.08136 0.33205633749999997 0.06734 0.38707042187499996 0.0893 0.3965070421875 0.12104 0.41028169062500003 0.143 0.4274647890625 0.154 0.413718309375 0.26993999999999996 0.3879154921875 0.37612 0.37073239375 0.392 0.367295775 0.36514 0.3105633796875 0.31998000000000004 0.2564225359375 0.26932 0.2289014078125 0.23149999999999998 0.2229014078125
0 0.22578 0.222309859375 0.26732 0.235690140625 0.31006 0.25242253593749997 0.32432 0.24740845 0.2887 0.19890140781250001 0.26139999999999997 0.1688169015625 0.2234 0.1537746484375 0.18897999999999998 0.1537746484375 0.15456 0.1638028171875 0.13674 0.1821971828125 0.12012 0.21394366250000002 0.11656 0.2574366203125 0.12250000000000001 0.25408450781249997 0.15336 0.235690140625 0.22578 0.222309859375
0 0.38548 0.851070421875 0.41138 0.7995774640625 0.43118 0.7995774640625 0.44794 0.8575211265625 0.46622 0.8854084500000001 0.48907999999999996 0.8875492953125 0.48297999999999996 0.7845633796875 0.49973999999999996 0.7738309859375 0.49363999999999997 0.7223098593749999 0.4845 0.7223098593749999 0.39156 0.7094366203125 0.33214 0.7201690140625 0.35652 0.782394365625 0.3809 0.8360563375 0.38548 0.851070421875
0 0.9971 0.19318309843749998 0.97746 0.2208450703125 0.9619199999999999 0.2358309859375 0.9324600000000001 0.304957746875 0.99956 0.30957746406250003 0.99956 0.1908732390625 0.9971 0.19318309843749998
1 0.7317199999999999 0.9851549296875 0.75678 0.9851549296875 0.77348 0.9828169015625001 0.7701399999999999 0.91926760625 0.74342 0.6298591546875 1 0.5122253515625 0.99902 0.316929578125 0.6365000000000001 0.3075211265625 0.6415 0.3451549296875 0.67158 0.3475211265625 0.5964 0.36163380312500004 0.60142 0.3145633796875 0.58638 0.3145633796875 0.55464 0.35456337968749996 0.53626 0.3428169015625 0.54128 0.316929578125 0.46276 0.326338028125 0.14534 0.4204507046875 0.14534 0.42752112656249996 0.33077999999999996 0.6604507046875 0.60976 0.6604507046875 0.7267 0.651042253125 0.7317199999999999 0.9851549296875
0 1 0.67797183125 0.99116 0.686338028125 0.97708 0.6995492953125 0.9402200000000001 0.7153802812500001 0.9017799999999999 0.7338591546875 0.8867800000000001 0.7360845078125 0.8867800000000001 0.74002816875 0.8939600000000001 0.7585352109375 0.91334 0.7585352109375 0.91834 0.7664507046875 0.9048999999999999 0.7818591546875 0.8926999999999999 0.7954929578125001 0.85958 0.839070421875 0.84052 0.8712112671875 0.85114 0.8333521125000001 0.81458 0.8690140843749999 0.81364 0.8751549296875 0.81552 1 0.84708 1 0.8461399999999999 0.966281690625 0.8458399999999999 0.9451549296874999 0.8477 0.9068450703125001 0.85426 0.8817746484375 0.8589600000000001 0.871633803125 0.87364 0.8496338031249999 0.8895799999999999 0.8285070421875 0.91272 0.8007887328125 0.9314600000000001 0.78273239375 0.95272 0.808253521875 0.88896 0.83467605625 0.8874000000000001 0.8720845078125 0.8874000000000001 0.892338028125 0.9045799999999999 0.9064225359375 0.91802 0.8998028171874999 0.91802 0.98873239375 0.91802 1 0.94458 1 0.94428 0.909070421875 0.95146 0.9059718312499999 0.9680199999999999 0.910366196875 0.9683400000000001 0.966281690625 0.9520799999999999 1 1 1 1 0.966281690625 1 0.878253521875 1 0.7928450703125 1 0.7787605640625 1 0.7585352109375 1 0.723746478125 1 0.67797183125
1 1 0.1097746484375 0.99422 0.107746478125 0.83284 0.1212112671875 0.82376 0.1238873234375 0.7822199999999999 0.1272394359375 0.78174 0.13261971875 0.7846 0.1514647890625 0.8934799999999999 0.1541408453125 1 0.13867605624999998 1 0.13061971875 1 0.1097746484375
0 0.75222 0.309014084375 0.75308 0.2807605640625 0.76356 0.2451267609375 0.7740199999999999 0.2009014078125 0.7783800000000001 0.1419154921875 0.7653 0.1234929578125 0.74612 0.122253521875 0.7182000000000001 0.137014084375 0.6929000000000001 0.18 0.6440400000000001 0.30532394375 0.6440400000000001 0.310253521875 0.64142 0.3188450703125 0.75222 0.309014084375
0 0.64878 0.11794366249999999 0.6496000000000001 0.14061971874999998 0.6529 0.1522253515625 0.6595 0.1690985921875 0.66322 0.178957746875 0.69748 0.1725633796875 0.72182 0.1318873234375 0.71192 0.11969014062500001 0.69872 0.11154929531249999 0.6458999999999999 0.1098028171875 0.64878 0.11794366249999999
0 0.71544 0.12492957812500001 0.72328 0.13538028124999998 0.72839 0.12413028125 0.7325 0.1266666671875 0.79384 0.21211267656250002 0.8326399999999999 0.28067605625000003 0.8363400000000001 0.219070421875 0.81612 0.22546478906249998 0.7802399999999999 0.1441126765625 0.73876 0.1281267609375 0.75094 0.1092394359375 0.7501 0.10808450781250001 0.74172 0.11795305 0.739513334375 0.102854459375 0.71834 0.092394365625 0.69482 0.0918028171875 0.6779 0.110394365625 0.69728 0.11214084531249999 0.71802 0.120133803125 0.71544 0.12492957812500001