0 0.6455599999999999 0.96438 0.65492 0.9653 0.6624 0.9587600000000001 0.66428 0.9372199999999999 0.67552 0.92038 0.69518 0.9175599999999999 0.71108 0.91288 0.7167 0.90352 0.71482 0.8923 0.7064 0.88294 0.68114 0.88012 0.6567999999999999 0.8763799999999999 0.64368 0.882 0.6259 0.88386 0.5997 0.8866799999999999 0.59502 0.8876200000000001 0.60156 0.90446 0.61186 0.9063399999999999 0.61748 0.91382 0.6305799999999999 0.91382 0.639 0.91382 0.64368 0.9157 0.6502399999999999 0.92038 0.65118 0.9316000000000001 0.65212 0.9409599999999999 0.64744 0.9475199999999999 0.6362 0.9475199999999999 0.62496 0.9391 0.6128 0.93254 0.5997 0.92974 0.59314 0.9259999999999999 0.58658 0.92692 0.5856600000000001 0.94004 0.58378 0.94004 0.5997 0.95034 0.6128 0.95502 0.6259 0.9606199999999999 0.6455599999999999 0.96438
0 0.81616 0.76608 0.8076599999999999 0.7651399999999999 0.79918 0.76562 0.79508 0.76688 0.7921 0.77128 0.7921 0.77348 0.79274 0.77694 0.79446 0.77788 0.79604 0.77694 0.80138 0.77064 0.80216 0.77064 0.8116 0.7708 0.8163199999999999 0.7719 0.8152200000000001 0.78228 0.81396 0.79188 0.81396 0.79832 0.81882 0.8098000000000001 0.82402 0.81294 0.83016 0.81358 0.84634 0.8145200000000001 0.8699199999999999 0.81624 0.8806200000000001 0.81404 0.88346 0.80616 0.8598800000000001 0.81174 0.8295 0.8092599999999999 0.8208 0.80368 0.8195600000000001 0.78878 0.84672 0.78444 0.8392799999999999 0.77204 0.83246 0.76832 0.8246399999999999 0.76608 0.81616 0.76608
0 0.91794 0.79608 0.94614 0.7921199999999999 0.9435 0.78152 0.88972 0.78152 0.8906000000000001 0.78682 0.90206 0.7938799999999999 0.91794 0.79608
0 0.97378 0.7817000000000001 0.9725400000000001 0.7860199999999999 0.9725400000000001 0.8020799999999999 0.9663600000000001 0.8101 0.9182 0.8113400000000001 0.9182 0.81814 0.9725400000000001 0.8162800000000001 0.98058 0.80392 0.9836600000000001 0.7860199999999999 0.97872 0.78108 0.98736 0.7804599999999999 0.98798 0.77738 0.9991 0.7817000000000001 0.99848 0.7693399999999999 0.9774800000000001 0.76564 0.95896 0.76748 0.9459799999999999 0.76996 0.9459799999999999 0.77614 0.9595800000000001 0.78354 0.9639 0.77798 0.96946 0.77738 0.97378 0.7817000000000001
0 0.87065 0.7685500000000001 0.87371 0.77405 0.879815 0.772725 0.8889799999999999 0.7769 0.8914199999999999 0.77324 0.8840999999999999 0.77324 0.8840999999999999 0.76712 0.8873599999999999 0.7618199999999999 0.8914199999999999 0.7602 0.88246 0.75856 0.85232 0.7602 0.84946 0.76264 0.8614850000000001 0.764375 0.8633200000000001 0.77486 0.87065 0.7685500000000001
0 0.7960200000000001 0.7583599999999999 0.79694 0.74004 0.8161799999999999 0.73698 0.8161799999999999 0.7315 0.8116 0.726 0.78198 0.72814 0.78198 0.7311799999999999 0.78564 0.73698 0.79176 0.7385200000000001 0.79052 0.7556 0.7911400000000001 0.7583599999999999 0.79298 0.76018 0.7960200000000001 0.7583599999999999
0 0.71122 0.73414 0.72114 0.73 0.7228 0.7515 0.73106 0.7581 0.7666000000000001 0.75646 0.77238 0.74818 0.7732 0.72504 0.76576 0.7176199999999999 0.7475799999999999 0.71926 0.7475799999999999 0.7242200000000001 0.76328 0.7267 0.76494 0.75066 0.73932 0.75232 0.73106 0.74902 0.72776 0.73332 0.74428 0.7308399999999999 0.74098 0.7234 0.7145400000000001 0.72092 0.70462 0.72256 0.70462 0.73166 0.71122 0.73414
0 0.65106 0.70968 0.64984 0.7051000000000001 0.62696 0.7057 0.62696 0.7026600000000001 0.6272599999999999 0.69746 0.6321399999999999 0.69594 0.6357999999999999 0.6953199999999999 0.6361 0.6916599999999999 0.63398 0.6892199999999999 0.63306 0.68708 0.63886 0.6877 0.6428200000000001 0.68586 0.6428200000000001 0.6822 0.63152 0.67824 0.6178 0.67824 0.61412 0.6815800000000001 0.6184000000000001 0.68494 0.62146 0.68616 0.6123000000000001 0.68678 0.6110800000000001 0.68952 0.6126 0.6935 0.6187 0.69196 0.6220600000000001 0.6940999999999999 0.6196200000000001 0.69838 0.6211599999999999 0.70356 0.6223799999999999 0.70968 0.62542 0.7109 0.62908 0.7109 0.65106 0.70968
0 0.9182600000000001 0.7064600000000001 0.9236000000000001 0.70842 0.92276 0.72106 0.92866 0.7205 0.9289400000000001 0.71096 0.9342599999999999 0.7104 0.9337 0.71882 0.9381999999999999 0.71882 0.93876 0.71208 0.9415800000000001 0.7104 0.95168 0.7073 0.95366 0.70308 0.94888 0.69944 0.9351200000000001 0.6988800000000001 0.92106 0.7014 0.92106 0.69972 0.9165800000000001 0.7019599999999999 0.9182600000000001 0.7064600000000001
1 0.5343 0.79972 0.55004 0.8047000000000001 0.5633 0.80304 0.57324 0.7914399999999999 0.5633 0.7790199999999999 0.60884 0.75334 0.60304 0.75168 0.5550200000000001 0.75168 0.50366 0.755 0.47716000000000003 0.7666000000000001 0.4929 0.77156 0.5285 0.7881400000000001 0.5343 0.79972
1 0.55392 0.7253999999999999 0.5479 0.71888 0.5343600000000001 0.71838 0.5168 0.71888 0.49471999999999994 0.71888 0.46512000000000003 0.72088 0.45558 0.72188 0.45608000000000004 0.7279 0.47766000000000003 0.73042 0.49572000000000005 0.73392 0.49572000000000005 0.754 0.5178 0.75098 0.5183 0.7324200000000001 0.5353600000000001 0.73092 0.5498999999999999 0.7283999999999999 0.55392 0.7253999999999999
1 0.47641999999999995 0.70898 0.5042 0.71058 0.5359 0.7094199999999999 0.53676 0.70826 0.5369200000000001 0.7041999999999999 0.53416 0.70088 0.50362 0.7 0.45890000000000003 0.7013 0.45674000000000003 0.7075400000000001 0.46512000000000003 0.70204 0.477953334375 0.70136 0.47641999999999995 0.70898
1 0.51064 0.6900999999999999 0.5219 0.6900999999999999 0.5203800000000001 0.6852199999999999 0.49966 0.6852199999999999 0.4878 0.68584 0.45885999999999993 0.68554 0.45915999999999996 0.69072 0.48048 0.69284 0.5024200000000001 0.69284 0.50302 0.69346 0.50972 0.69224 0.51064 0.6900999999999999
1 0.4746 0.67727 0.47868000000000005 0.68308 0.481573334375 0.677246665625 0.48932000000000003 0.67752 0.48898 0.68324 0.49210000000000004 0.68276 0.49210000000000004 0.67736 0.5037200000000001 0.68276 0.51532 0.68128 0.51352 0.67736 0.45987999999999996 0.67702 0.45742000000000005 0.67752 0.45808 0.68276 0.46837999999999996 0.68292 0.4746 0.67727
0 0.6967800000000001 0.8760600000000001 0.6978 0.8775999999999999 0.70292 0.8852800000000001 0.7075199999999999 0.8852800000000001 0.71264 0.88324 0.71776 0.87504 0.73824 0.87658 0.74744 0.88324 0.74334 0.8760600000000001 0.73618 0.86532 0.72594 0.85662 0.7157199999999999 0.8540599999999999 0.6834800000000001 0.85662 0.66454 0.86226 0.65994 0.87248 0.67172 0.87966 0.6742600000000001 0.87812 0.6967800000000001 0.8760600000000001
0 0.51056 0.9471999999999999 0.5200199999999999 0.9654999999999999 0.5295 0.96804 0.57308 0.9326599999999999 0.57308 0.84108 0.5692999999999999 0.83604 0.5642400000000001 0.8372999999999999 0.5623400000000001 0.8878199999999999 0.49223999999999996 0.88088 0.49286 0.88214 0.46318000000000004 0.8928800000000001 0.46886 0.90992 0.5118199999999999 0.9175000000000001 0.51056 0.9471999999999999
0 0.7357199999999999 0.7096 0.7289399999999999 0.70282 0.70294 0.70396 0.7086 0.7118599999999999 0.7357199999999999 0.7096
1 0.55386 0.8811 0.55738 0.88286 0.5776399999999999 0.8855000000000001 0.56796 0.8960800000000001 0.55562 0.92074 0.55738 0.9392400000000001 0.56796 0.94628 0.57588 0.92602 0.59438 0.94364 0.6049599999999999 0.93484 0.5979 0.91898 0.5979 0.83618 0.64108 0.8326399999999999 0.66486 0.8264799999999999 0.66574 0.81504 0.6446 0.80358 0.6049599999999999 0.80006 0.57148 0.79918 0.55298 0.8044600000000001 0.5424 0.80006 0.52302 0.79742 0.48956 0.8044600000000001 0.47897999999999996 0.81944 0.48956 0.82736 0.5063 0.8370599999999999 0.5468200000000001 0.8388199999999999 0.55386 0.8811
1 0.91014 0.75186 0.9438000000000001 0.74988 0.95304 0.74988 0.9570000000000001 0.7413000000000001 0.94314 0.73536 0.9372 0.73336 0.92004 0.7327 0.8777799999999999 0.7313799999999999 0.84676 0.73402 0.8394999999999999 0.73602 0.8394999999999999 0.74064 0.8546799999999999 0.74394 0.8830600000000001 0.74658 0.88372 0.7762800000000001 0.88506 0.7802399999999999 0.9088200000000001 0.7782600000000001 0.91014 0.75186
1 0.7397 0.68818 0.74142 0.68706 0.74066 0.68572 0.73856 0.6834399999999999 0.72302 0.6821200000000001 0.70008 0.68288 0.67772 0.68534 0.67658 0.68838 0.6798 0.69104 0.6872 0.69142 0.70274 0.69104 0.7036800000000001 0.706 0.71638 0.70582 0.71658 0.69142 0.7397 0.68818
1 0.6533800000000001 0.67988 0.66238 0.6801 0.67586 0.67924 0.6853 0.67774 0.68572 0.67496 0.68358 0.6732400000000001 0.67416 0.6713199999999999 0.6688 0.67088 0.6613 0.67152 0.6540199999999999 0.67152 0.6431 0.6732400000000001 0.6347400000000001 0.6740999999999999 0.63346 0.6773 0.63366 0.67838 0.64266 0.6796599999999999 0.6533800000000001 0.67988
1 0.76958 0.71034 0.77146 0.7268 0.77362 0.7299 0.7804599999999999 0.72898 0.78636 0.72804 0.78698 0.71002 0.81774 0.7028800000000001 0.81774 0.70132 0.8065599999999999 0.69822 0.77642 0.69728 0.73946 0.69978 0.7388399999999999 0.70256 0.7369600000000001 0.70568 0.75094 0.70784 0.76958 0.71034
1 0.45953999999999995 0.6733399999999999 0.5039 0.67228 0.5028400000000001 0.66806 0.46026 0.66876 0.45884 0.66806 0.45602 0.67122 0.45953999999999995 0.6733399999999999
1 0.27172 0.67492 0.29291999999999996 0.67372 0.30218 0.67162 0.29769999999999996 0.6671400000000001 0.26036000000000004 0.66804 0.27142 0.66864 0.25945999999999997 0.66804 0.25617999999999996 0.67074 0.25826 0.67282 0.27172 0.67492
0 0.02064 0.8036199999999999 0.03292 0.8040200000000001 0.03292 0.8044 0.03252 0.81052 0.0306 0.81896 0.0306 0.82664 0.02984 0.82894 0.0283 0.8285600000000001 0.025240000000000002 0.8281599999999999 0.02332 0.82778 0.01718 0.82664 0.01718 0.8285600000000001 0.019880000000000002 0.8358399999999999 0.02754 0.8392799999999999 0.038279999999999995 0.8381399999999999 0.042120000000000005 0.80554 0.045939999999999995 0.8032400000000001 0.05746 0.8021 0.06704 0.7975 0.06704 0.7940400000000001 0.06588000000000001 0.79174 0.06473999999999999 0.78982 0.062439999999999996 0.7878999999999999 0.05822000000000001 0.7871400000000001 0.01258 0.78944 0.01336 0.7948000000000001 0.01718 0.8021 0.02064 0.8036199999999999
1 0.20856 0.69448 0.22754 0.69448 0.2291 0.7275 0.24094000000000002 0.72656 0.24032 0.69418 0.26586 0.6932400000000001 0.26554 0.68764 0.22193999999999997 0.687 0.20512000000000002 0.6895 0.2017 0.69106 0.20293999999999998 0.6935399999999999 0.20856 0.69448
0 0.04 0.752 0.036 0.76 0.04618181875 0.7623636359375 0.036 0.776 0.046 0.788 0.062 0.788 0.068 0.792 0.076 0.8400000000000001 0.088 0.85 0.10600000000000001 0.85 0.11599999999999999 0.842 0.124 0.8240000000000001 0.144 0.794 0.15 0.796 0.16399999999999998 0.8099999999999999 0.18 0.8099999999999999 0.198 0.8019999999999999 0.20400000000000001 0.796 0.22200000000000003 0.788 0.242 0.768 0.254 0.74 0.268 0.74 0.284 0.732 0.277771428125 0.7126285718750001 0.2981142859375 0.7146857140625 0.302 0.732 0.3095 0.725 0.3082857140625 0.7157142859375 0.317 0.718 0.3184571421875 0.7167428578124999 0.409333334375 0.738 0.40800000000000003 0.762 0.414 0.834 0.418 0.8460000000000001 0.404 0.852 0.396 0.866 0.394 0.874 0.41133333437499997 0.8856666656250001 0.394 0.8960000000000001 0.41 0.924 0.42000000000000004 0.9339999999999999 0.426 0.95 0.434 0.958 0.45599999999999996 0.966 0.47800000000000004 0.966 0.492 0.962 0.502 0.954 0.506 0.944 0.504 0.9259999999999999 0.496 0.9179999999999999 0.484 0.914 0.466 0.9199999999999999 0.45999999999999996 0.908 0.45 0.898 0.45199999999999996 0.892 0.47000000000000003 0.892 0.496 0.8800000000000001 0.516 0.8800000000000001 0.522 0.876 0.55 0.876 0.562 0.8640000000000001 0.5780000000000001 0.8640000000000001 0.592 0.8779999999999999 0.64 0.8800000000000001 0.686 0.8480000000000001 0.6900000000000001 0.828 0.688 0.8220000000000001 0.678 0.8140000000000001 0.682 0.786 0.6799999999999999 0.78 0.6679999999999999 0.768 0.6559999999999999 0.764 0.658 0.742 0.686 0.742 0.702 0.738 0.706 0.724 0.712 0.722 0.712 0.712 0.706 0.71 0.706 0.702 0.724 0.6900000000000001 0.73225 0.68675 0.732 0.6980000000000001 0.754 0.71 0.776 0.71 0.8019999999999999 0.6940000000000001 0.807909090625 0.6986363640625 0.808 0.702 0.818 0.71 0.818 0.756 0.8320000000000001 0.77 0.852 0.768 0.852 0.762 0.86 0.758 0.8640000000000001 0.736 0.8779999999999999 0.74 0.906 0.74 0.916 0.732 0.932 0.74 0.9380000000000001 0.752 0.95 0.762 0.966 0.762 0.978 0.75 0.978 0.722 0.962 0.71 0.962 0.704 0.976 0.702 0.986 0.686 0.984 0.67 0.9720000000000001 0.6599999999999999 0.958 0.6559999999999999 0.924 0.654 0.908 0.662 0.866 0.6719999999999999 0.858 0.678 0.852 0.678 0.844 0.67 0.8320000000000001 0.666 0.808 0.6719999999999999 0.798 0.658 0.786 0.654 0.776 0.6559999999999999 0.772 0.6599999999999999 0.76 0.6599999999999999 0.742 0.654 0.726 0.662 0.722 0.67 0.716125 0.6639999999999999 0.6865 0.67 0.678 0.6759999999999999 0.676625 0.6719999999999999 0.6667500000000001 0.674 0.6639999999999999 0.6719999999999999 0.65 0.678 0.568 0.6940000000000001 0.564 0.6980000000000001 0.558125 0.696 0.54825 0.6980000000000001 0.55 0.688 0.546 0.6719999999999999 0.538 0.6639999999999999 0.524 0.6599999999999999 0.508 0.6679999999999999 0.504 0.6759999999999999 0.504 0.692 0.47400000000000003 0.6900000000000001 0.47000000000000003 0.6799999999999999 0.462 0.6719999999999999 0.45 0.6679999999999999 0.438 0.67 0.42800000000000005 0.678 0.414 0.708 0.41987500000000005 0.724 0.41 0.726 0.328628571875 0.717771428125 0.3245 0.7110000000000001 0.33199999999999996 0.704 0.346 0.702 0.354 0.692 0.356 0.674 0.354 0.6679999999999999 0.34199999999999997 0.658 0.33199999999999996 0.6559999999999999 0.312 0.6599999999999999 0.296 0.67 0.282 0.688 0.262 0.692 0.236 0.692 0.22666666562499999 0.698666665625 0.22691428593750002 0.7074857140625 0.217333334375 0.705333334375 0.20800000000000002 0.712 0.206571428125 0.705428571875 0.198 0.714 0.1964 0.7043999999999999 0.1557142859375 0.7002857140625001 0.146 0.704 0.1455428578125 0.6992571421875 0.15 0.692 0.154 0.6799999999999999 0.154 0.674 0.148 0.666 0.136 0.666 0.11399999999999999 0.682 0.10600000000000001 0.6839999999999999 0.094 0.678 0.06999999999999999 0.678 0.064 0.6799999999999999 0.064171428125 0.691028571875 0.054000000000000006 0.6900000000000001 0.054000000000000006 0.708 0.064 0.74 0.054000000000000006 0.742 0.04 0.752
1 0.037 0.736 0.03425 0.72825 0.024166665625 0.730833334375 0.026000000000000002 0.736 0.015 0.736 0.014083334375000001 0.733416665625 0.004 0.736 0.004 0.826 0.008 0.8320000000000001 0.018 0.834 0.028000000000000004 0.8240000000000001 0.11599999999999999 0.784 0.122 0.788 0.13 0.786 0.134 0.732 0.158 0.732 0.16599999999999998 0.746 0.18 0.748 0.19 0.738 0.194 0.716 0.21200000000000002 0.718 0.22000000000000003 0.712 0.22200000000000003 0.702 0.21800000000000003 0.696 0.242 0.688 0.264 0.688 0.266 0.71 0.27599999999999997 0.714 0.282 0.708 0.286 0.692 0.3 0.6900000000000001 0.308 0.696 0.322 0.6940000000000001 0.324 0.683 0.317166665625 0.671083334375 0.32599999999999996 0.6719999999999999 0.327333334375 0.670666665625 0.33599999999999997 0.67 0.39849999999999997 0.6677500000000001 0.73 0.6679999999999999 0.74 0.6719999999999999 0.742 0.688 0.748 0.6940000000000001 0.762 0.6980000000000001 0.766 0.696 0.768 0.686 0.7917142859374999 0.695428571875 0.79844444375 0.692222221875 0.8019999999999999 0.7 0.808 0.7 0.808 0.708 0.8160000000000001 0.706 0.818 0.702 0.8082222218749999 0.6971111125 0.82 0.6799999999999999 0.834 0.6799999999999999 0.8400000000000001 0.674 0.8560000000000001 0.678 0.8560000000000001 0.688 0.8619999999999999 0.692 0.882 0.6940000000000001 0.8859999999999999 0.732 0.898 0.732 0.9 0.716 0.9199999999999999 0.716 0.93 0.72 0.9400000000000001 0.71 0.944 0.71 0.968 0.736 0.9720000000000001 0.754 0.992 0.764 0.998 0.762 0.998 0.738 0.993 0.727 0.9880000000000001 0.726 0.986 0.704 0.998 0.686 0.962 0.686 0.9640000000000001 0.666 0.96 0.662 0.9199999999999999 0.6559999999999999 0.9099999999999999 0.65 0.866 0.65 0.8619999999999999 0.654 0.8406666656249999 0.654 0.836 0.662 0.8300000000000001 0.654 0.825 0.6615 0.819333334375 0.654 0.8140000000000001 0.661 0.8086666656249999 0.654 0.8029999999999999 0.6605000000000001 0.798 0.654 0.792 0.6599999999999999 0.788 0.654 0.734 0.654 0.73 0.658 0.723833334375 0.654416665625 0.40866666562500004 0.6673333343750001 0.33799999999999997 0.6599999999999999 0.33399999999999996 0.654 0.296 0.654 0.292 0.658 0.296833334375 0.671916665625 0.292 0.674 0.286666665625 0.672333334375 0.2805 0.674 0.2765 0.67275 0.246 0.674 0.242 0.678 0.23591666562500002 0.676583334375 0.205666665625 0.684333334375 0.202 0.688 0.195583334375 0.686916665625 0.1855 0.6895 0.17933333437500001 0.688 0.175416665625 0.692083334375 0.16799999999999998 0.688 0.165333334375 0.694666665625 0.16 0.692 0.15525 0.69725 0.145166665625 0.699833334375 0.152 0.686 0.13999999999999999 0.686 0.134 0.6900000000000001 0.13 0.7 0.125 0.705 0.126 0.71 0.114916665625 0.707583334375 0.104833334375 0.710166665625 0.10200000000000001 0.714 0.09475 0.71275 0.086 0.714 0.08199999999999999 0.71 0.074 0.71 0.0645 0.7205 0.044333334375 0.725666665625 0.048 0.736 0.037 0.736