0 0.8344531249999999 0.8431775703125 0.837640625 0.8336448593749999 0.84240625 0.8193457937499999 0.8530312500000001 0.8328504671875001 0.85409375 0.8455607484375 0.8594062499999999 0.8447663546875 0.8599375 0.81140186875 0.8641875000000001 0.7994859812499999 0.8679062500000001 0.7724766359374999 0.8684375 0.77088785 0.8795937500000001 0.7740654203124999 0.884375 0.7828037390625 0.88490625 0.79154205625 0.8827812500000001 0.80742990625 0.8854374999999999 0.8201401875000001 0.88809375 0.8447663546875 0.89446875 0.8487383171875 0.9614062499999999 0.8550934578125 0.969375 0.816168225 0.9683125 0.8042523359375 0.9661875 0.797102803125 0.9619375 0.77962616875 0.86471875 0.7677102796875 0.817984375 0.762943925 0.8232968749999999 0.7748598125 0.8227656250000001 0.8344392515625 0.831265625 0.8288785046875 0.8323281250000001 0.837616821875 0.8344531249999999 0.8431775703125
0 0.9650000000000001 0.78640186875 0.9680937500000001 0.8094626171874999 0.9688593750000001 0.827897196875 0.96578125 0.8532476640625 0.97503125 0.8532476640625 0.988890625 0.6999766359375 0.9711718749999999 0.7068925234375001 0.9218437500000001 0.7103504671875001 0.864046875 0.6907476640625 0.8555624999999999 0.739158878125 0.867125 0.7552803734375 0.8679062500000001 0.771425234375 0.8725156249999999 0.7679672890625 0.9611562499999999 0.782943925 0.9650000000000001 0.78640186875
1 0.8233124999999999 0.6859813078125 0.808984375 0.6959813078125 0.809953125 0.7017056078125 0.7994375 0.723130840625 0.8051718749999999 0.723130840625 0.859625 0.7274065421875 0.862484375 0.7074065421875 0.8634375000000001 0.6974065421875 0.877765625 0.6974065421875 0.8930624999999999 0.7074065421875 0.9379531249999999 0.710257009375 0.968515625 0.7059813078125 0.9924062499999999 0.704556075 0.9924062499999999 0.7059813078125 0.9924062499999999 0.7217056078125 1 0.720257009375 0.9990937499999999 0.6974065421875 0.9809374999999999 0.668831775 0.9169375000000001 0.6617056078125 0.859625 0.6617056078125 0.8567500000000001 0.6602803734375 0.82428125 0.6645560749999999 0.8233124999999999 0.6859813078125
1 1 0.8611682249999999 0.8921875 0.847056075 0.87803125 0.8023598125 0.87015625 0.7717757015625 0.8544218750000001 0.8164719625 0.818234375 0.8376401875000001 0.82453125 0.82588785 0.80721875 0.77411215 0.794625 0.767056075 0.78834375 0.7882242984375 0.78046875 0.8211682250000001 0.755296875 0.8917757015625 0.723828125 0.93411215 0.7301249999999999 0.967056075 0.80721875 0.9953037390624999 1 0.9953037390624999 1 0.8611682249999999
1 0.199875 0.82434579375 0.12923437499999998 0.826588784375 0.12923437499999998 0.7951401875 0.040578125 0.7951401875 0.003 0.8063785046874999 0.0045156250000000005 0.9322196265624999 0.0991875 0.9389485984375 0.199875 0.82434579375
0 0.09871875 0.754813084375 0.098375 0.7471962609375 0.13679687499999998 0.7487383171875 0.14503125 0.72051401875 0.1515625 0.7 0.1285625 0.702056075 0.10421875 0.69537383125 0.088765625 0.686658878125 0.066125 0.664602803125 0.065296875 0.6664953265625 0.068296875 0.7746495328125 0.065796875 0.8208878500000001 0.09978125 0.8367990656250001 0.09871875 0.754813084375
0 0.81153125 0.58815420625 0.8128437500000001 0.5950467296874999 0.8088906250000001 0.6029205609375 0.80725 0.6048831781249999 0.80659375 0.609813084375 0.8069218749999999 0.612757009375 0.8822812499999999 0.609813084375 0.88459375 0.6304906546875 0.891828125 0.6285046734375 0.89446875 0.5861915890625 0.894140625 0.5876635515624999 0.863859375 0.5984813078125 0.84015625 0.5970093453125 0.819421875 0.5891355140625001 0.81153125 0.58815420625
0 0.819109375 0.621285046875 0.8289375 0.61992990625 0.8262656249999999 0.658668225 0.8825156249999999 0.6559813078125 0.88340625 0.6092523359375 0.809296875 0.6079205609375 0.8119687499999999 0.6319626171875 0.819109375 0.621285046875
0 0.8052343750000001 0.686658878125 0.8042343750000001 0.677686915625 0.7912656250000001 0.677686915625 0.78578125 0.7000700937500001 0.779796875 0.7053037390625 0.7767968749999999 0.7053037390625 0.778296875 0.74184579375 0.780796875 0.7664719625 0.78228125 0.7813785046875 0.788265625 0.7866121500000001 0.79725 0.7657242984375 0.8062343750000001 0.7522897203125 0.804734375 0.7000700937500001 0.8052343750000001 0.686658878125
1 0.8698124999999999 0.61095794375 0.8933125000000001 0.596214953125 0.89634375 0.5882943921875 0.8842187499999999 0.579228971875 0.879671875 0.579228971875 0.85540625 0.571285046875 0.85540625 0.5542757015625 0.808421875 0.549742990625 0.808421875 0.5667523359375 0.8167500000000001 0.5769626171875 0.8144843749999999 0.5882943921875 0.815234375 0.596214953125 0.8167500000000001 0.5985046734374999 0.8364687500000001 0.606425234375 0.8698124999999999 0.61095794375
1 0.162671875 0.6712616828125 0.17146875 0.64359813125 0.17984375 0.62845794375 0.196140625 0.61661215 0.2049375 0.611331775 0.21331250000000002 0.6060747656250001 0.21021874999999998 0.6007943921875001 0.207140625 0.5876401875 0.1956875 0.5843457937500001 0.1956875 0.5909345796875 0.186890625 0.6192523359375001 0.17896875 0.621869159375 0.16575 0.6245093453125 0.16707812500000002 0.6416355140625 0.13140625 0.6455841125 0.10278125 0.64492990625 0.0975 0.6547897203125 0.07856250000000001 0.6554439249999999 0.0675625 0.6547897203125 0.0675625 0.6416355140625 0.0666875 0.6205607484375 0.0684375 0.59684579375 0.053031249999999995 0.5909345796875 0.04290625 0.5961915890625 0.045546875 0.6133177562500001 0.053468749999999995 0.6468925234375 0.046859374999999995 0.6831074765625 0.06359375 0.6831074765625 0.069765625 0.6837616828125 0.08340625 0.6837616828125 0.09573437500000001 0.6923364484375 0.108078125 0.6989018687499999 0.13053125000000002 0.6989018687499999 0.15342187499999999 0.6975934578125 0.15562499999999999 0.6949532703125 0.156953125 0.6883644859375 0.162671875 0.6712616828125
0 0.89484375 0.5244158875 0.8723281249999999 0.526285046875 0.8610625000000001 0.5206775703125001 0.855109375 0.519742990625 0.854484375 0.5482710281250001 0.8538593750000001 0.577757009375 0.855421875 0.5819626171875 0.8685625 0.5749532703125 0.882953125 0.57168224375 0.8926562499999999 0.569813084375 0.9004843749999999 0.5749532703125 0.906109375 0.5828971968750001 0.9079843750000001 0.5847663546875 0.910796875 0.558574765625 0.9139375 0.5337850468750001 0.914875 0.5164719625 0.89484375 0.5244158875