0 0.33582812500000003 0.669484778125 0.33923437500000003 0.672060890625 0.33781249999999996 0.657540984375 0.344078125 0.6554098359375 0.3449375 0.6677751749999999 0.34835937499999997 0.66906323125 0.346640625 0.6477283375 0.3531875 0.6178454328125 0.341234375 0.616580796875 0.33696875 0.6443091328125 0.332984375 0.6438875875 0.330984375 0.65583138125 0.33410937500000004 0.6579625296875 0.33582812500000003 0.669484778125
0 0.09321874999999999 0.7604918031250001 0.1035625 0.732107728125 0.109578125 0.734028103125 0.109578125 0.757915690625 0.11087499999999999 0.757915690625 0.11087499999999999 0.745644028125 0.1143125 0.735971896875 0.11776562500000001 0.735971896875 0.12164062499999999 0.7333957843750001 0.12809375 0.719180328125 0.13670312499999998 0.683700234375 0.11646875000000001 0.692084309375 0.11173437500000001 0.728220140625 0.10010937499999999 0.721779859375 0.0988125 0.726932084375 0.09365625 0.7475878218750001 0.0919375 0.746932084375 0.08978125 0.754028103125 0.09321874999999999 0.7604918031250001
0 0.317140625 0.68189695625 0.317140625 0.6652693203125 0.319671875 0.66421545625 0.32014062499999996 0.66421545625 0.324765625 0.66421545625 0.325 0.6645667453125 0.325 0.6728805625 0.3273125 0.6784309140625 0.3303125 0.678079625 0.329625 0.668384075 0.329625 0.6670023421875 0.329625 0.64932084375 0.329859375 0.643091334375 0.3319375 0.6250585484375 0.33146875 0.6247072593749999 0.330546875 0.624355971875 0.323140625 0.623676815625 0.318984375 0.6250585484375 0.31875 0.6267915687500001 0.315046875 0.6358079625 0.312734375 0.6455035125 0.31296875 0.6534894609374999 0.3041875 0.65451990625 0.301640625 0.6552224828125001 0.301640625 0.6649180328125001 0.31251562499999996 0.6635363 0.31251562499999996 0.6836299765625 0.317140625 0.68189695625
0 0.29040625000000003 0.676276346875 0.293765625 0.6768384078125 0.29357812499999997 0.6701170953125 0.295640625 0.669555034375 0.29676562500000003 0.6866744734375 0.298640625 0.6861124125 0.299390625 0.663372365625 0.296578125 0.660843090625 0.295453125 0.6569086656249999 0.28646875 0.6549414515625 0.28684375 0.6318969562500001 0.26753125 0.6318969562500001 0.27071875 0.663372365625 0.26565625000000004 0.691451990625 0.26734375 0.6922950812499999 0.27071875 0.680491803125 0.28178125 0.67936768125 0.28271875 0.6928571421874999 0.28496875 0.6928571421874999 0.28590625 0.6734660421875 0.28665625 0.6681498828125 0.29040625000000003 0.66674473125 0.29040625000000003 0.676276346875
0 0.24567187499999998 0.646299765625 0.251015625 0.6468149890625 0.2498125 0.65224824375 0.244109375 0.6543091328124999 0.24376562499999999 0.6589695546875001 0.242734375 0.6654332546874999 0.2439375 0.6755035125 0.24584375 0.6770726 0.251125 0.6772131140625001 0.252953125 0.693676815625 0.2535625 0.6976580796875 0.256828125 0.6952224828125 0.25784375000000004 0.6585714281249999 0.25906250000000003 0.6488056203125 0.26028125 0.6347775171875 0.242765625 0.6317096015625 0.241359375 0.6364871187500001 0.241359375 0.6447540984375 0.24567187499999998 0.646299765625
0 0.059328124999999995 0.73871194375 0.07470312500000001 0.739227165625 0.070265625 0.765316159375 0.075375 0.7668618265625 0.077765625 0.75969555 0.08015625 0.7279625296875001 0.097578125 0.7248946140625 0.109171875 0.7248946140625 0.115328125 0.6834660421875001 0.1204375 0.66451990625 0.11599999999999999 0.6619672125 0.083578125 0.6686182671875 0.082890625 0.6768149890624999 0.08015625 0.7080093671875 0.057625 0.705456675 0.051484375000000006 0.756627634375 0.051828125 0.7581498828125001 0.056609374999999997 0.759180328125 0.059328124999999995 0.73871194375
0 0.329796875 0.6410538640625 0.330484375 0.643700234375 0.334515625 0.64386416875 0.3348125 0.640772834375 0.335984375 0.6347306796875001 0.33765625 0.6229274 0.33804687499999997 0.6152693203124999 0.320953125 0.614543325 0.319671875 0.6242622953125 0.32290625 0.6241217796874999 0.332453125 0.6244028109374999 0.329796875 0.6410538640625
0 0.291453125 0.6271896953125 0.2965 0.624543325 0.297765625 0.6313583140625 0.303078125 0.6313583140625 0.303203125 0.6252927406250001 0.30459375 0.622459015625 0.29575 0.62093676875 0.29498437499999997 0.6171428578125 0.28865625 0.6205620609375 0.28803125 0.628524590625 0.29118750000000004 0.6292740046875 0.291453125 0.6271896953125
1 0.22395312500000003 0.6431850109374999 0.23342187499999997 0.6539344265625 0.2510625 0.6508665109375 0.250296875 0.6458782203125 0.244671875 0.6431850109374999 0.196828125 0.6420374703125 0.18915625 0.6431850109374999 0.18915625 0.6470257609375001 0.21832812499999998 0.6539344265625 0.22395312500000003 0.6431850109374999
1 0.066953125 0.70676815 0.06778125 0.6787353625 0.08315625 0.675620609375 0.08399999999999999 0.673747071875 0.08399999999999999 0.67 0.0719375 0.6687587828125 0.060312500000000005 0.6687587828125 0.048875 0.67063231875 0.0424375 0.6731147546875 0.0424375 0.6771662765625 0.04409375 0.67967213125 0.04596875 0.6790398125 0.059687500000000004 0.67967213125 0.062171875 0.6799765812499999 0.06259375 0.7086182671875 0.066953125 0.70676815
1 0.11876562500000001 0.6607259953125 0.0895 0.6647775171875 0.08509375 0.6713817328125 0.084234375 0.6806323187500001 0.11928125 0.6827868859375 0.139421875 0.6787353625 0.135359375 0.664543325 0.11876562500000001 0.6607259953125
1 0.31660937499999997 0.6358782203125 0.31660937499999997 0.6330679156250001 0.31578125 0.631803278125 0.31057812500000004 0.6311943796875 0.30015625 0.6311943796875 0.29640625 0.6311943796875 0.289953125 0.6314988296874999 0.285984375 0.633676815625 0.28495312500000003 0.6358782203125 0.28953125 0.6408665109375 0.293484375 0.6408665109375 0.314109375 0.638688525 0.31620312500000003 0.6374238875 0.31660937499999997 0.6358782203125