1 0.84090625 0.9985625 0.8460468750000001 0.9721458328124999 0.86584375 0.9535625 0.780015625 0.9711666671874999 0.72059375 0.9858541671875001 0.715453125 0.9897500000000001 0.708125 0.9956250000000001 0.84090625 0.9985625
0 0.66325 0.1698125 0.6682187500000001 0.1890625 0.6695625 0.20289583281249998 0.7444531249999999 0.20168750000000002 0.74175 0.14695833281249998 0.657390625 0.1451458328125 0.657390625 0.1481666671875 0.655578125 0.1613958328125 0.66325 0.1698125
0 0.650921875 0.1235208328125 0.650375 0.1252083328125 0.6507343750000001 0.12935416718749998 0.655484375 0.137625 0.6569375 0.14564583281250001 0.68578125 0.14395833281249998 0.683765625 0.12425 0.650921875 0.1235208328125
0 0.260796875 0.5777708328125 0.260796875 0.5764166671875001 0.249671875 0.55125 0.245953125 0.5494583328125 0.24090625000000002 0.5503541671875001 0.23803125 0.5516875 0.23500000000000001 0.5561875 0.229109375 0.5705625000000001 0.22809374999999998 0.5793333328125 0.260796875 0.5782083328125001 0.260796875 0.5777708328125
0 0.19803125 0.6419166671875 0.1940625 0.6525000000000001 0.19009375 0.6595416671875001 0.186796875 0.6745208328125 0.190765625 0.6859791671875 0.27664062500000003 0.690375 0.2726875 0.634875 0.196046875 0.6304791671875 0.19803125 0.6419166671875
0 0.15671875 0.066125 0.1535 0.0655208328125 0.150609375 0.06597916718749999 0.14937499999999998 0.0685 0.14715625000000002 0.08495833281250001 0.147484375 0.0873333328125 0.162828125 0.0865833328125 0.15671875 0.066125
0 0.18939062499999998 0.05725 0.181140625 0.06595833281249999 0.177015625 0.083375 0.20796874999999998 0.080625 0.195578125 0.05450000000000001 0.18939062499999998 0.05725
0 0.2910625 0.0680833328125 0.30285937500000004 0.0511875 0.31071875000000004 0.0401041671875 0.301984375 0.026708332812500003 0.28275 0.028458332812499997 0.26221875 0.0453541671875 0.249984375 0.0773958328125 0.268765625 0.0797291671875 0.2849375 0.0779791671875 0.2910625 0.0680833328125
0 0.6976718749999999 0.1326875 0.696328125 0.1434375 0.713796875 0.14491666718750001 0.71446875 0.1350625 0.6976718749999999 0.1326875
0 0.21251562499999999 0.5770833328125 0.208546875 0.563875 0.19929687499999998 0.5621041671875 0.193359375 0.5788541671874999 0.194671875 0.5823750000000001 0.21251562499999999 0.5815 0.21251562499999999 0.5770833328125
0 0.804046875 0.5491458328125 0.8376093750000001 0.5275208328125001 0.8297812499999999 0.5185625 0.8090781249999999 0.5126041671875 0.79621875 0.5207916671875 0.7783125 0.5394583328125 0.770484375 0.5662916671875 0.771046875 0.5707708328125001 0.792859375 0.5737708328125 0.804046875 0.5491458328125
1 0.500875 0.8726666671875 0.48796875 0.86775 0.46309374999999997 0.8616041671874999 0.42623437500000005 0.8616041671874999 0.42162499999999997 0.8530208328125 0.3995 0.8370416671875001 0.37093750000000003 0.8345833328125 0.36909375 0.8235208328124999 0.35803124999999997 0.8222916671875 0.356203125 0.8407291671875001 0.348828125 0.8554791671875 0.345140625 0.8800416671875 0.3460625 0.9070833328125 0.321171875 0.9119791671874999 0.2990625 0.9095208328125001 0.292609375 0.9058541671875 0.278796875 0.9021666671874999 0.23732812499999997 0.8960208328125001 0.21059375 0.8984791671875 0.186640625 0.9132083328125 0.17834375 0.9132083328125 0.17190624999999998 0.8493333328125001 0.169140625 0.8493333328125001 0.1479375 0.8431875 0.120296875 0.8444166671875 0.07053125 0.86775 0.06684375000000001 0.8935625 0.05671875 0.8874166671875001 0.04196875 0.9021666671874999 0.039203125 0.9525416671875 0.014328125 0.9598958328125 0.00234375 0.9967708328124999 0.49903125 0.9881666671874999 0.500875 0.8726666671875
1 0.948046875 0.4770625 0.948046875 0.5008125 0.9980781249999999 0.4996666671875 0.998921875 0.4725416671875 0.948046875 0.4770625
1 0.48606249999999995 0.40404166718749995 0.454515625 0.3855833328125 0.41489062499999996 0.3717291671875 0.387578125 0.3660833328125 0.364484375 0.3691666671875 0.3429375 0.37275 0.340625 0.3696666671875 0.33678125 0.3604375 0.3233125 0.3517083328125 0.28984375 0.34710416718750003 0.262515625 0.35275 0.25521875 0.3753125 0.24943749999999998 0.4276458328125 0.215578125 0.4343125 0.183640625 0.4178958328125 0.122078125 0.4276458328125 0.0470625 0.4461041671875 0.038593749999999996 0.49793750000000003 0.04475 0.5030625 0.07668749999999999 0.5015208328125 0.153640625 0.5015208328125 0.23059375000000001 0.5015208328125 0.307546875 0.5015208328125 0.379875 0.501 0.5003124999999999 0.49945833281249996 0.5006875 0.47483333281249995 0.50184375 0.4968958328125 0.503 0.42354166718749997 0.48606249999999995 0.40404166718749995