0 0.051468749999999994 0.6581264640625 0.04959375 0.6581264640625 0.062640625 0.73002341875 0.07009375 0.7502810296875 0.071484375 0.7712177984374999 0.07660937500000001 0.7705386421875 0.090125 0.7349180328125 0.09478125 0.7223653390625 0.10782812500000001 0.7000234187500001 0.10874999999999999 0.6692974234375 0.07428125 0.6630210765625 0.0551875 0.6609133484374999 0.051468749999999994 0.6581264640625
1 0.6483125000000001 0.6450585484375 0.6404375 0.6615456671875 0.656171875 0.6804215453125 0.66246875 0.704004684375 0.643578125 0.7134426234375 0.62784375 0.7440983609375 0.682921875 0.7700468390624999 0.687640625 0.8125058546874999 0.695515625 0.8054332546875 0.695515625 0.7700468390624999 0.7018125000000001 0.7629742390625001 0.722265625 0.7464637 0.7553124999999999 0.67098360625 0.739578125 0.6615456671875 0.7285625 0.635620609375 0.68921875 0.6167447312500001 0.6483125000000001 0.6450585484375
1 0.33209374999999997 0.8855269328125001 0.28123437500000004 0.7689461359374999 0.046375 0.8294847781250001 0.01046875 0.9505620609375001 0.017953125 0.9841920375000001 0.33209374999999997 0.8855269328125001
1 0.8875781249999999 0.9887587828125 0.87109375 0.9618032781249999 0.8605937499999999 0.959555034375 0.829109375 0.9573067921874999 0.826109375 0.9168618265624999 0.8096249999999999 0.9056206093749999 0.791625 0.903372365625 0.791625 0.9213583140624999 0.773640625 0.9303278687500001 0.7556406250000001 0.9303278687500001 0.74365625 0.9056206093749999 0.73165625 0.87416861875 0.71965625 0.831451990625 0.7076718750000001 0.80224824375 0.692671875 0.808992975 0.6791875 0.8224824359375 0.6656875 0.8157377046875001 0.6596875 0.7797658078125 0.632703125 0.7842622953125 0.625203125 0.7910070250000001 0.6267031249999999 0.8426932078125 0.634203125 0.8561826703125 0.60271875 0.87416861875 0.58621875 0.898875878125 0.58621875 0.9258313812500001 0.5682343750000001 0.9483138171875 0.5682343750000001 0.9842622953125 0.60871875 0.9865105390625001 0.784125 0.9887587828125 0.8875781249999999 0.9887587828125
0 0.383640625 0.792107728125 0.3803125 0.8202576109375 0.377 0.878243559375 0.383078125 0.8475878218749999 0.401875 0.8252459015625 0.4090625 0.8177751750000001 0.40573437500000004 0.8020374703125001 0.40353125 0.7821545671875 0.40353125 0.755667446875 0.376453125 0.7341217796875 0.381984375 0.7448946140625 0.38584375 0.7655971890625 0.383640625 0.792107728125
0 0.23539062500000002 0.9101170953125 0.218890625 0.9236065578125 0.158921875 0.9325761124999999 0.100453125 0.9303278687500001 0.089953125 0.93932084375 0.091453125 0.9820140515625001 0.254875 0.9842622953125 0.25787499999999997 0.87416861875 0.23539062500000002 0.9101170953125
0 0.8977187499999999 0.6922014046875 0.895890625 0.6408665109375 0.8964062500000001 0.6326463703125 0.8885624999999999 0.6318735359375001 0.8906562499999999 0.6483138171875 0.895109375 0.724332553125 0.8997187500000001 0.726604215625 0.9004687499999999 0.7316627640625 0.909265625 0.7282903984375 0.9087031250000001 0.7249180328125 0.9182656250000001 0.722388759375 0.9199531249999999 0.728571428125 0.924453125 0.7277283375 0.925203125 0.7159250578125 0.9264687500000001 0.709836065625 0.92359375 0.7004215453125 0.8977187499999999 0.6922014046875
1 0.984 0.645667446875 0.932609375 0.624355971875 0.9202031249999999 0.6303747078125 0.9147343749999999 0.625995315625 0.8899531250000001 0.6287353625 0.895046875 0.6298126468749999 0.894328125 0.6478454328125001 0.929328125 0.6680796250000001 0.984 0.645667446875
1 0.502578125 0.65032786875 0.505328125 0.65032786875 0.50584375 0.6332786890625 0.548078125 0.62997658125 0.547671875 0.6186885249999999 0.559171875 0.5955269328125 0.56075 0.5872131140625 0.54965625 0.5878220140625 0.5314375 0.5896018734374999 0.5084531250000001 0.593747071875 0.49775 0.616908665625 0.49946875 0.6239812640625 0.502234375 0.631475409375 0.502578125 0.65032786875
1 0.209265625 0.6258782203125001 0.189140625 0.6227634656250001 0.187046875 0.613747071875 0.17476562499999998 0.613348946875 0.17240625 0.61805620625 0.17450000000000002 0.6368618265625 0.172671875 0.661147540625 0.174234375 0.6685948484375001 0.176265625 0.670491803125 0.20246875000000003 0.66936768125 0.225734375 0.6497892265625 0.2246875 0.64391100625 0.209265625 0.6258782203125001
0 0.372546875 0.7313348953125 0.40165625 0.7546135828125 0.427734375 0.6976814984375 0.4069375 0.6976814984375 0.40304687499999997 0.69351288125 0.3803125 0.69351288125 0.372546875 0.7313348953125
0 0.250640625 1 0.250640625 0.9803981265624999 0.17775000000000002 0.9858079625 0.091140625 0.9890398125000001 0.089703125 0.9987822015625 0.250640625 1
1 1 0.6686182671875 0.993828125 0.6674707265625 0.9926718749999999 0.6645667453125 0.9926718749999999 0.6529742390625 0.988796875 0.6471896953125 0.976421875 0.6489227171875 0.9768125 0.658196721875 0.9748749999999999 0.6709367687500001 0.9725468749999999 0.6709367687500001 0.95746875 0.6755737703125 0.945875 0.6784777515625 0.9334843749999999 0.68775175625 0.9342656249999999 0.703419203125 0.942 0.720796253125 0.9891875000000001 0.7260187359375 1 0.726604215625 1 0.70224824375 1 0.6686182671875