1 0.8042343750000001 0.39220140468750003 0.8042343750000001 0.4147775171875 0.787671875 0.42381732968749997 0.7695937500000001 0.3899531609375 0.7545468750000001 0.38093676875 0.7455 0.38093676875 0.734953125 0.38093676875 0.731953125 0.39220140468750003 0.7379687500000001 0.4034894609375 0.750015625 0.4170491796875 0.7590625 0.4328337234375 0.7605625 0.45540983593749995 0.7605625 0.46669789218749996 0.76659375 0.46669789218749996 0.8268281249999999 0.4599297421875 0.8283437499999999 0.4396252921875 0.8223125 0.4012412171875 0.8042343750000001 0.39220140468750003
0 0.5687656249999999 0.45222482499999994 0.5690625 0.552060890625 0.566984375 0.597775175 0.578828125 0.599555034375 0.583265625 0.5791334890625001 0.58653125 0.548524590625 0.596296875 0.4877283375 0.6004375 0.46243559687499997 0.6060625 0.45177985937500004 0.579421875 0.4353629984375 0.57084375 0.4384777515625 0.570546875 0.44025761093750004 0.5687656249999999 0.45222482499999994
0 0.570484375 0.5587353625 0.5689375 0.499812646875 0.55275 0.5032786890625001 0.548125 0.4547540984375 0.542734375 0.42704917968749995 0.511140625 0.4027868859375 0.49340624999999994 0.3970023421875 0.490328125 0.42011709531249997 0.49418749999999995 0.480187353125 0.49340624999999994 0.535620609375 0.49340624999999994 0.573747071875 0.53040625 0.5841451984375 0.5689375 0.5956908671875001 0.570484375 0.5587353625
0 0.43259375 0.4188290390625 0.42975 0.4347775171875 0.42620312499999996 0.45817330156249997 0.42620312499999996 0.4677283375 0.42337499999999995 0.4826229515625 0.458125 0.5123887593750001 0.495703125 0.501756440625 0.495703125 0.4858079625 0.49074999999999996 0.45709601875 0.470171875 0.4602810296875 0.46662499999999996 0.3805620609375 0.42904687499999994 0.368875878125 0.42407812500000003 0.3858782203125 0.42904687499999994 0.39119437968750004 0.43187499999999995 0.4039578453125 0.43259375 0.4188290390625
0 0.35384375 0.3272131140625 0.344703125 0.32035128749999997 0.327734375 0.3252459015625 0.327734375 0.3995784546875 0.327734375 0.40056206093749996 0.333609375 0.4162060890625 0.344703125 0.42990632343749996 0.34796875 0.45730679218750003 0.355796875 0.454355971875 0.354484375 0.42402810312500006 0.363625 0.42796252968750004 0.371453125 0.3839344265625 0.362328125 0.38002341875 0.35384375 0.3272131140625
0 0.05621875 0.9322482437499999 0.084390625 1 0.31790625 0.9913583140625001 0.313515625 0.9556908671875 0.22525 0.978220140625 0.1833125 0.9885480093749999 0.13009375 0.9735362999999999 0.117578125 0.9622716625000001 0.115078125 0.9153629984375 0.11570312499999999 0.8740749421875 0.083140625 0.8853395781250001 0.058734375000000005 0.7239344265625001 0.04934375 0.6864168625 0.039328125000000005 0.6751522249999999 0.01678125 0.67421545625 0.006765625 0.79805620625 0.01678125 0.9087822015624999 0.044328125 0.9125292734375 0.05621875 0.9322482437499999
0 0.4203125 0.380772834375 0.41695312500000004 0.3594145203125 0.384296875 0.3431147546875 0.37507812500000004 0.379508196875 0.375921875 0.379508196875 0.3976875 0.3770023421875 0.4203125 0.380772834375
0 1 0.34283372343749996 0.9925 0.34325526875 0.9680624999999999 0.33388758749999997 0.962953125 0.3321779859375 0.9680624999999999 0.3832786890625 0.9660781249999999 0.3913583140625 0.97034375 0.3973302109375 0.9754531249999999 0.4407494140625 1 0.4467213109375 1 0.34283372343749996
0 0.736828125 0.5370023421875 0.73725 0.5594847781250001 0.7462500000000001 0.5588290390624999 0.7539687500000001 0.546627634375 0.757390625 0.5376346609375 0.760390625 0.5292740046875 0.760390625 0.518992975 0.733390625 0.47339578437499996 0.72953125 0.47339578437499996 0.722671875 0.4862295078125 0.72996875 0.50936768125 0.7329687500000001 0.5247775171875 0.736828125 0.5370023421875
1 0.26271875 0.4355269328125 0.25196874999999996 0.4435831375 0.250890625 0.4629274 0.242296875 0.49030445 0.236921875 0.5434894609375001 0.253046875 0.5805386421875001 0.27131249999999996 0.5692505859375 0.296046875 0.5466978921875 0.313234375 0.5160889937500001 0.32828124999999997 0.48224824374999997 0.33796875000000004 0.47098360625 0.33259375 0.4016861828125 0.27668750000000003 0.354964871875 0.269171875 0.3888056203125 0.26379687500000004 0.41459016406250004 0.26271875 0.4355269328125
1 0.55159375 0.4744028109375 0.5580468749999999 0.46243559687499997 0.5591875 0.3974941453125 0.594546875 0.384964871875 0.60290625 0.357611240625 0.5968125 0.34224824374999996 0.586171875 0.3319906328125 0.56603125 0.3131850109375 0.563375 0.301803278125 0.550828125 0.2977985953125 0.531453125 0.31147540937499996 0.5230937499999999 0.30976580781249996 0.46684374999999995 0.31548009375 0.45962500000000006 0.31946135781249996 0.47140624999999997 0.343372365625 0.520421875 0.379836065625 0.545515625 0.3889461359375 0.550453125 0.44192037500000003 0.55159375 0.4744028109375
1 0.9501250000000001 0.3622716625 0.957078125 0.361604215625 0.957078125 0.350843090625 0.96628125 0.3589227171875 0.96403125 0.33941452031249997 0.9550625 0.325971896875 0.9550625 0.3158782203125 0.947875 0.3158782203125 0.9493750000000001 0.3468071828125 0.947875 0.3642857140625 0.9501250000000001 0.3622716625
0 0.30525 0.518571428125 0.30690625 0.5359016390625 0.369625 0.4839578453125 0.3663125 0.46168618281249996 0.3465 0.466627634375 0.33165625 0.478992975 0.318453125 0.496323184375 0.30525 0.518571428125
0 0.00042187500000000005 0.9982201406250001 0.0871875 0.998875878125 0.045125 0.9141451984375 0.017078125 0.9095550343750001 0.007000000000000001 0.9141451984375 0 0.9187587828125 0.0017500000000000003 0.9752224828125 0.00042187500000000005 0.9982201406250001
1 0.960921875 0.5596252921875 0.999390625 0.572060890625 0.997875 0.471451990625 0.9963749999999999 0.471451990625 0.9526249999999999 0.48274004687499994 0.9473437499999999 0.500843090625 0.954890625 0.5404215453125001 0.960921875 0.5596252921875
0 0.543890625 0.2940749421875 0.545796875 0.2663934421875 0.52540625 0.25969555 0.522859375 0.30648711875 0.53878125 0.31030445 0.543890625 0.2940749421875
0 0.79221875 0.551311475 0.7996875 0.5588992968750001 0.799953125 0.5640983609375 0.797015625 0.56810304375 0.789546875 0.57290398125 0.78821875 0.588079625 0.8020781250000001 0.5956908671875001 0.807421875 0.6040749421875 0.8196875 0.5792974234375 0.833546875 0.5633021078125 0.7938125 0.5433255265625 0.762609375 0.5317330203124999 0.7618125 0.5333255265625 0.758609375 0.5317330203124999 0.75621875 0.53451990625 0.754875 0.5377283375 0.759671875 0.5409133484375 0.75540625 0.5457142859374999 0.79221875 0.551311475
0 0.9310625 0.3460187359375 0.930203125 0.329555034375 0.92546875 0.324707259375 0.9118906250000001 0.325667446875 0.91103125 0.326627634375 0.9114531250000001 0.3469789234375 0.926109375 0.35700234218750004 0.9315 0.3589461359375 0.9310625 0.3460187359375
1 0.318609375 0.7464637 0.323890625 0.766276346875 0.33534375 0.7781498828125 0.35471875 0.8203747078125 0.35384375 0.825667446875 0.361765625 0.8428103046875 0.41107812499999996 0.9470960187499999 0.42340625000000004 0.9523653390625 0.42340625000000004 0.9642622953125001 0.438375 0.9998829046875001 0.6268281250000001 0.9998829046875001 0.869890625 0.895620609375 0.869890625 0.8441451984375 0.692 0.693676815625 0.692875 0.6712412171875 0.690234375 0.6567213109375001 0.6823125 0.6501170953125001 0.6647031250000001 0.6474707265624999 0.646203125 0.64482435625 0.586328125 0.6065573765625001 0.586328125 0.5973067921874999 0.57928125 0.5973067921874999 0.56078125 0.5854332546875 0.5458125 0.5748711937500001 0.5255625 0.5748711937500001 0.473609375 0.5854332546875 0.47095312500000003 0.594683840625 0.46128125000000003 0.5893911000000001 0.362640625 0.609203746875 0.36 0.61578454375 0.35735937500000003 0.6408665109375 0.33975 0.6435128812500001 0.33534375 0.639555034375 0.32653125 0.6250351281250001 0.32214062499999996 0.6342622953125 0.3098125 0.6355971890625 0.274578125 0.638243559375 0.283390625 0.66067915625 0.32653125 0.7279859484375 0.318609375 0.7464637