1 0.124703125 0.698125 0.165109375 0.7168541671875001 0.16159375 0.742625 0.170375 0.7449583328125 0.172125 0.7145208328125 0.168625 0.6606458328125 0.124703125 0.663 0.11768749999999999 0.6653333328125 0.0860625 0.6653333328125 0.031609375 0.6676666671875 0.01053125 0.6840625 0.035125 0.68875 0.07553125000000001 0.6910833328125 0.124703125 0.698125
1 0.238875 0.6301666671875 0.25968749999999996 0.6312291671875 0.278921875 0.6312291671875 0.290921875 0.6291041671875 0.3069375 0.6258958328124999 0.314953125 0.6205416671874999 0.31575000000000003 0.6184166671875 0.31175 0.6130833328125 0.304546875 0.609875 0.28771874999999997 0.612 0.270109375 0.6130833328125 0.25409375 0.612 0.242078125 0.6130833328125 0.23167187500000003 0.6130833328125 0.222859375 0.6141458328125 0.21484375 0.6152083328125 0.20603125000000003 0.6248125 0.21564062499999997 0.6280208328125 0.220453125 0.6280208328125 0.22846875 0.6301666671875 0.238875 0.6301666671875
0 0.303484375 0.6346041671875 0.29870312499999996 0.6420208328125 0.29870312499999996 0.6611041671875 0.2939375 0.7480833328125 0.29870312499999996 0.7671666671875 0.3026875 0.6908125 0.326546875 0.6961041671875 0.352796875 0.6971666671875 0.37428125 0.7798958328125 0.37984375 0.7852083328125 0.377453125 0.7671666671875 0.35915625 0.6971666671875 0.371890625 0.6908125 0.379046875 0.6855 0.39734375 0.7714166671875 0.40290625 0.7703541671874999 0.39415625 0.7374791671875001 0.382234375 0.6611041671875 0.379046875 0.6102083328125001 0.36234375 0.6059583328125 0.348828125 0.621875 0.33609374999999997 0.6261041671875 0.335296875 0.6282291671875 0.324953125 0.6314166671875 0.303484375 0.6346041671875
0 0.164484375 0.6439583328125 0.17315624999999998 0.6479791671874999 0.179203125 0.634 0.18559375 0.6479791671874999 0.188609375 0.6505 0.191625 0.6404375 0.199171875 0.6399375 0.20596874999999998 0.6605416671875 0.20973437499999997 0.6590416671875 0.20596874999999998 0.6394375 0.20596874999999998 0.630875 0.2014375 0.6253541671875 0.19728125000000002 0.6343958328125 0.190875 0.629375 0.18912500000000002 0.6223958328125 0.180890625 0.610125 0.174109375 0.6094791671875 0.16734374999999999 0.6127083328125 0.162015625 0.6230416671875 0.16371093750000001 0.6336875 0.168796875 0.6372291671875 0.164484375 0.6439583328125
0 0.08203125 0.7027083328125 0.046875 0.6893125 0.016734375000000003 0.6960208328124999 0.006703125 0.7049375 0 0.7384375000000001 0.006703125 0.8835208328125 0.010046875 0.8500416671875 0.015062500000000001 0.82325 0.030140624999999997 0.8031666671875 0.0318125 0.7986875 0.041859375 0.792 0.06696875 0.7964583328125 0.071984375 0.8567291671874999 0.071984375 0.8634375000000001 0.080359375 0.8969166671875 0.095421875 0.7786041671875 0.095421875 0.7317291671875 0.092078125 0.7094166671875 0.08203125 0.7027083328125
0 0.48501562500000006 0.6474583328125 0.48373437499999994 0.6619375 0.48884375 0.6619375 0.49203125 0.5972083328125 0.50225 0.5985 0.501296875 0.6474583328125 0.50671875 0.647875 0.507046875 0.5980624999999999 0.530359375 0.6001875 0.5399375 0.6602291671875 0.54471875 0.6555416671875001 0.533859375 0.6001875 0.54153125 0.5976458328125 0.5527031250000001 0.6568333328125 0.555890625 0.655125 0.541203125 0.57975 0.542484375 0.546125 0.541203125 0.5422916671875 0.52715625 0.5499583328125001 0.522375 0.5555 0.5099218750000001 0.5533541671875 0.5051249999999999 0.5593333328125001 0.50065625 0.5584791671875 0.49809374999999995 0.557625 0.49107812500000003 0.5614583328125 0.489796875 0.5861458328125 0.48884375 0.5967916671875 0.48501562500000006 0.6474583328125
0 0.4455 0.5271874999999999 0.451796875 0.544625 0.464375 0.5362291671875 0.46001562500000004 0.5271874999999999 0.4455 0.5271874999999999
0 0.551078125 0.6238958328125 0.555171875 0.5922083328125 0.5715625 0.5812708328125 0.586328125 0.6288125 0.597796875 0.6211666671875 0.5855 0.5605 0.580171875 0.5435625 0.584265625 0.5238958328125001 0.57484375 0.5228125 0.5687031250000001 0.5288125 0.5687031250000001 0.5321041671875 0.562140625 0.5321041671875 0.554765625 0.5364583328125 0.55271875 0.5381041671875 0.548625 0.5370208328125 0.5445156250000001 0.5392083328124999 0.54246875 0.5616041671875001 0.5412343749999999 0.5697916671875001 0.54615625 0.5976666671875 0.551078125 0.6238958328125
0 0.411140625 0.5589375000000001 0.393421875 0.5574166671875 0.37946875 0.5589375000000001 0.36853125000000003 0.5589375000000001 0.36475 0.5629583328125001 0.363625 0.5725 0.36589062499999997 0.5735208328125 0.422828125 0.5755208328125 0.42018750000000005 0.5684791671875 0.41528124999999994 0.5609375 0.411140625 0.5589375000000001
0 0.416046875 0.6996041671875 0.423390625 0.6976458328125 0.423390625 0.637 0.44759374999999996 0.6409166671875 0.4659375 0.7142708328125 0.47181249999999997 0.7132916671875 0.452734375 0.6389583328125 0.46740624999999997 0.631125 0.47840625000000003 0.7035208328125 0.48501562500000006 0.7015625 0.47253125 0.6291666671875 0.4600625 0.5998333328125 0.46814062500000003 0.5685208328125 0.45053124999999994 0.5675416671875 0.443921875 0.5802708328125 0.429984375 0.58125 0.40504687500000003 0.5890625 0.401375 0.6193958328125 0.40064062500000003 0.709375 0.407984375 0.709375 0.40504687500000003 0.6350416671875 0.416046875 0.6379791671875 0.416046875 0.6996041671875
0 0.297515625 0.5816250000000001 0.295359375 0.5747916671875 0.292390625 0.5708333328124999 0.284828125 0.5693958328125001 0.27323437500000003 0.5708333328124999 0.2743125 0.5769583328125 0.278359375 0.5841458328125 0.27917187499999996 0.5938541671875 0.284296875 0.5934999999999999 0.2964375 0.5913333328125 0.297515625 0.5816250000000001
0 0.13218749999999999 0.9034583328125001 0.1263125 0.7704166671875 0.193078125 0.7772708328125 0.219484375 0.8926875000000001 0.22754687499999998 0.8917083328125001 0.1989375 0.7772708328125 0.21434375 0.7596666671875 0.229015625 0.761625 0.250296875 0.8682291671875 0.25615625 0.8701874999999999 0.23195312499999998 0.7469375 0.218015625 0.7039166671875 0.223140625 0.6647916671874999 0.20334375 0.6716249999999999 0.187203125 0.6794583328125 0.179125 0.7097708328125 0.164453125 0.7029375 0.12778125 0.7 0.12264062499999999 0.7068333328125 0.1263125 0.8985625 0.13218749999999999 0.9034583328125001
0 0.50428125 0.5242291671875 0.50428125 0.5208541671875 0.50428125 0.5175 0.498765625 0.5191666671874999 0.498765625 0.5309583328125 0.502546875 0.530125 0.502859375 0.5271666671874999 0.50428125 0.5242291671875
1 0.5005625 0.5430833328125 0.494328125 0.5395208328125001 0.48364062499999994 0.5377291671875 0.47028125000000004 0.5365416671875 0.46048437499999995 0.5395208328125001 0.455140625 0.5424791671875 0.45603125 0.5472291671875 0.46671874999999996 0.5537708328125001 0.47696875 0.5573333328125 0.48987499999999995 0.5543541671875001 0.5005625 0.5490208328125 0.5005625 0.5430833328125
0 0.38171875 0.5411875 0.37825000000000003 0.5519791671875 0.383265625 0.5576458328125 0.39946875 0.5643333328125 0.39831249999999996 0.5540416671874999 0.39714062499999997 0.5468333328125 0.393671875 0.5411875 0.38171875 0.5411875
0 0.183125 0.6791458328125 0.190809028125 0.6858032421875 0.21386284687499998 0.7529675921875 0.21935937499999997 0.7581875 0.21715625 0.7625625 0.2211875 0.7696527765625001 0.2184375 0.7732986109375 0.223015625 0.78111805625 0.21971875000000002 0.7840347234375 0.221 0.7947708328124999 0.22484375 0.7925833328125 0.226671875 0.8040486109374999 0.22228124999999999 0.80550694375 0.22356250000000003 0.81624305625 0.2285 0.8155138890625 0.22484375 0.8269791671875 0.30059375 0.8167291671875001 0.29961805625000004 0.8059953703125 0.297296875 0.8050208328125 0.2986423609375 0.7952615749999999 0.2960763890625 0.794449075 0.2976666671875 0.7845277765625001 0.294855903125 0.7838773140625 0.29669097187500004 0.77379398125 0.2936354171875 0.77330555625 0.295715278125 0.7630601859375 0.29241493125 0.7627337953125 0.29119444375 0.7521620375 0.2947395828125 0.7523263890624999 0.2937638890625 0.7415925921875 0.2899739578125 0.7415902765625 0.288753471875 0.73101851875 0.29278819375 0.7308587953125001 0.2918125 0.720125 0.2875329859375 0.7204467578125 0.2863125 0.709875 0.2914479171875 0.7089027765625 0.29071875 0.6864583328125 0.284125 0.629375 0.211671875 0.639625 0.211671875 0.6615833328125 0.19629687499999998 0.6527916671875 0.185328125 0.6557083328125 0.188625 0.6645 0.1842265625 0.6674270828125 0.18751562500000002 0.6762083328124999 0.183125 0.6791458328125
1 0.553578125 0.5291041671875 0.543921875 0.5299583328125 0.528140625 0.5299583328125 0.5149375 0.5286666671875 0.5217031249999999 0.5325416671875 0.524921875 0.5355416671875 0.529109375 0.5359791671874999 0.535546875 0.5359791671874999 0.54778125 0.53425 0.5490781250000001 0.5363958328125 0.55325 0.53425 0.553578125 0.5291041671875
1 0.38106249999999997 0.5859166671875 0.412078125 0.58375 0.41370312499999995 0.5809791671875 0.41231249999999997 0.5778958328125 0.40953125 0.5763541671875 0.3981875 0.5757291671875 0.36809375 0.5745 0.33915625 0.5741875000000001 0.327125 0.5751041671875 0.321109375 0.5778958328125 0.320171875 0.5818958328125 0.32271875 0.5831458328125 0.33059375 0.5822083328125001 0.378515625 0.5831458328125 0.38106249999999997 0.5859166671875
0 0.0796875 0.6854166671875 0.078125 0.7020833328125 0.0921875 0.7104166671875001 0.0953125 0.7229166671875 0.0984375 0.71875 0.121875 0.7125 0.1265625 0.7020833328125 0.1578125 0.7020833328125 0.1734375 0.70625 0.18125 0.6958333328124999 0.178125 0.6791666671875001 0.1828125 0.66875 0.1828125 0.6583333328125 0.1765625 0.6479166671875001 0.16754807656249998 0.6400641015625 0.1751802890625 0.6366987187500001 0.1796875 0.6375 0.1828125 0.64375 0.2296875 0.56875 0.246875 0.5666666671875 0.2515625 0.5604166671875 0.25625 0.5458333328125 0.25625 0.5354166671875 0.284375 0.5354166671875 0.284375 0.5479166671875 0.2734375 0.5807291671875 0.2734375 0.5916666671875 0.2640625 0.5916666671875 0.259375 0.5979166671875 0.2640625 0.6005208328125 0.259375 0.6104166671875 0.2625 0.6291666671875 0.265625 0.6333333328124999 0.2828125 0.63125 0.2859375 0.6479166671875001 0.2984375 0.6479166671875001 0.303125 0.6354166671875 0.325 0.6333333328124999 0.328125 0.6270833328125 0.33125 0.63125 0.3453125 0.625 0.3609375 0.6083333328125 0.378125 0.6104166671875 0.3859375 0.68125 0.3984375 0.68125 0.40625 0.6666666671875 0.40625 0.6354166671875 0.4015625 0.61875 0.4015625 0.6083333328125 0.3984375 0.6020833328124999 0.4 0.5958333328125 0.403125 0.5958333328125 0.40625 0.5895833328125 0.415625 0.5875 0.41875 0.5833333328125 0.41875 0.5770833328125 0.4265625 0.5791666671875 0.4296875 0.5833333328125 0.44375 0.58125 0.45 0.56875 0.459375 0.56875 0.4640625 0.5604166671875 0.4640625 0.55 0.4890625 0.5395833328124999 0.4890625 0.5520833328125 0.49375 0.5583333328125 0.5265625 0.5520833328125 0.5390625 0.54375 0.54375 0.5479166671875 0.5453125 0.5395833328124999 0.55 0.5375 0.55 0.5291666671875 0.5453125 0.5208333328125 0.331584821875 0.5122023812500001 0.325 0.5083333328124999 0.321875 0.5041666671875 0.31584821406249997 0.5116071437499999 0.303125 0.49791666718750005 0.3078125 0.5041666671875 0.3079799109375 0.5113095234375 0.284375 0.5104166671875 0.2921875 0.49791666718750005 0.2759765625 0.509375 0.25078125 0.50625 0.2453125 0.49583333281249997 0.2423828125 0.5052083328125 0.2375 0.49583333281249997 0.233984375 0.5041666671875 0.2296875 0.49583333281249997 0.2255859375 0.503125 0.221875 0.49583333281249997 0.2109375 0.5083333328124999 0.2140625 0.5145833328125 0.2046875 0.5145833328125 0.0921875 0.6270833328125 0.09296875 0.6333333328124999 0.084375 0.6333333328124999 0.0796875 0.6395833328125 0.0796875 0.6541666671875 0.0875 0.66875 0.0875 0.6770833328125 0.0796875 0.6854166671875