0 0.0905625 0.9182656250000001 0.0874375 0.988515625 0.1030416671875 0.988515625 0.10929166718750001 0.951046875 0.1436458328125 0.9323124999999999 0.2716666671875 0.9463593749999999 0.3715833328125 0.9533906249999999 0.3653333328125 0.9861718749999999 0.39968750000000003 0.97915625 0.4715 0.9159218750000001 0.468375 0.8503437500000001 0.4652708328125 0.819890625 0.32475 0.80115625 0.2872708328125 0.7730625 0.27479166718750003 0.742609375 0.2404375 0.72153125 0.20295833281250003 0.702796875 0.17175 0.6934375 0.1405208328125 0.68640625 0.0936666671875 0.68640625 0.0437083328125 0.698125 0.0125 0.756671875 0.06558333281249999 0.871421875 0.05933333281249999 0.869078125 0.0749375 0.911234375 0.0905625 0.9182656250000001
0 1 0.91690625 0.9992708328125 0.7336406249999999 0.9898125 0.7271875 0.867625 0.71040625 0.8271875 0.723953125 0.7996458328125 0.737515625 0.7531875 0.773640625 0.7428541671875 0.7994687500000001 0.7506041671875 0.9123906249999999 0.7617916671875 0.9104531250000001 0.7686666671875 0.84140625 0.9863541671875 0.881421875 1 0.9175625000000001 1 0.91690625
0 0.7268125000000001 0.454796875 0.74125 0.454796875 0.7436458328125 0.47645312500000003 0.7496666671875001 0.474640625 0.7484583328125 0.453890625 0.7941666671875 0.45118749999999996 0.795375 0.490890625 0.8037916671875 0.490890625 0.805 0.455703125 0.8158125 0.454796875 0.8134166671875 0.47915625000000006 0.8218333328125 0.477359375 0.820625 0.43946874999999996 0.8109999999999999 0.368203125 0.7652916671875001 0.35917187500000003 0.7448541671875 0.38082812499999996 0.7448541671875 0.41240625 0.737625 0.413296875 0.7159791671875 0.44126562500000005 0.7195833328125001 0.48728125 0.7243958328125 0.48817187500000003 0.7268125000000001 0.454796875
0 0.69275 0.39132812499999997 0.7022291671875001 0.40165625 0.7065208328125 0.401015625 0.7048125 0.39068749999999997 0.6953333328125 0.37584375 0.6841458328125001 0.366171875 0.6652291671875 0.358421875 0.6506041671875 0.361640625 0.6299375 0.36875 0.6256458328125001 0.39068749999999997 0.6282291671875 0.390046875 0.679 0.386171875 0.69275 0.39132812499999997
0 0.6050833328125 0.365578125 0.5968125 0.359921875 0.5781458328125 0.35750000000000004 0.5608958328125 0.36315624999999996 0.5540625 0.37096874999999996 0.5529791671875001 0.387953125 0.6054375000000001 0.3895625 0.6076041671875 0.37501562499999996 0.6050833328125 0.365578125
0 0.48364583281250006 0.389796875 0.4847083328125 0.37570312499999997 0.48 0.364734375 0.4632916671875 0.3565 0.4491875 0.35571875 0.436125 0.362375 0.46275000000000005 0.36315624999999996 0.46849999999999997 0.390578125 0.48364583281250006 0.389796875
0 0.9477083328125 0.433203125 0.9368333328125 0.427765625 0.9288541671875 0.42504687499999994 0.9223125 0.427765625 0.9157916671875 0.43267187500000004 0.9114375000000001 0.443546875 0.9121666671875 0.4560625 0.9186875000000001 0.474546875 0.9694583328125 0.47890625 0.9600416671875 0.447359375 0.9477083328125 0.433203125
0 0.5700000000000001 0.517109375 0.6190416671875 0.520640625 0.6257708328125 0.5236562499999999 0.6264375 0.5312187500000001 0.6392083328125 0.5276875000000001 0.6438958328125 0.524671875 0.6546666671875 0.52265625 0.6580208328125 0.5266875 0.6734791671875 0.5176093749999999 0.6593541671875001 0.49946875 0.64525 0.48939062499999997 0.6533125 0.47729687500000006 0.6654166671875 0.4798125 0.6875833328125001 0.487375 0.6922916671875 0.48082812500000005 0.7023541671875 0.48687500000000006 0.715125 0.438484375 0.70975 0.413296875 0.6902708328125 0.41782812500000005 0.6633958328125 0.43698437500000004 0.6553291671875 0.469234375 0.6345 0.48939062499999997 0.5915 0.48939062499999997 0.5478125 0.5019843749999999 0.5323541671875 0.516609375 0.534375 0.5251718750000001 0.553875 0.5236562499999999 0.5700000000000001 0.517109375
0 0.8792708328125001 0.462203125 0.8871249999999999 0.425296875 0.9174791671875001 0.43 0.920625 0.463375 0.9263958328124999 0.42843749999999997 0.9253333328125001 0.42646875 0.9792708328125 0.425296875 0.9797916671875001 0.465734375 0.9829375 0.46534375 0.9845 0.424109375 0.9876458328125001 0.41665625000000006 0.9729791671875001 0.40604687500000003 0.9415625000000001 0.400953125 0.9441875 0.378953125 0.9305833328125 0.35775 0.9179999999999999 0.3506875 0.8986458328125 0.353828125 0.8845000000000001 0.36403125 0.8850208328125 0.412328125 0.8845000000000001 0.41193749999999996 0.8740416671875 0.46259375 0.8792708328125001 0.462203125
0 0.22258333281249998 0.473890625 0.229 0.494359375 0.229 0.49917187500000004 0.2787708328125 0.4859375 0.2546875 0.540125 0.4072291671875 0.525671875 0.4072291671875 0.5184375 0.3783333328125 0.513625 0.3574583328125 0.5088125 0.34460416718750003 0.51121875 0.34460416718750003 0.5172343749999999 0.34620833281249996 0.523265625 0.3141041671875 0.44859375 0.2787708328125 0.43053125000000003 0.23381249999999998 0.43896875 0.22258333281249998 0.473890625
0 0.0658125 0.51453125 0.031895832812500004 0.5096406250000001 0.0019166671874999998 0.512578125 0.0045208328125 0.6054999999999999 0.11145833281249999 0.567359375 0.1010208328125 0.543875 0.0658125 0.51453125
1 0.2200625 0.45225 0.23177083281250002 0.455171875 0.22981250000000003 0.44713281250000003 0.23956249999999998 0.44201562499999997 0.3302083328125 0.463203125 0.3411770828125 0.46265625000000005 0.3321666671875 0.4719765625 0.334125 0.48075 0.4042916671875 0.4880625 0.4082083328125 0.524625 0.43256249999999996 0.522421875 0.4345208328125 0.4836875 0.49787499999999996 0.474171875 0.6002291671875 0.4639375 0.6135555562499999 0.4612604171875 0.602421875 0.45224609375 0.613875 0.45151562500000003 0.6268819437500001 0.4585833328125 0.6402083328125 0.45590624999999996 0.652875 0.437625 0.6246041671875 0.42153124999999997 0.6146145828125 0.42500390625 0.6099791671875 0.43396875 0.604625 0.42847656250000005 0.5973124999999999 0.4346953125 0.5946354171875 0.43194921875 0.5846458328125 0.435421875 0.59096875 0.45297656249999996 0.5680625 0.45443749999999994 0.5242083328125 0.45004687499999996 0.5066458328125 0.43689062500000003 0.4686458328125 0.44201562499999997 0.4286666671875 0.4449375 0.41600000000000004 0.442734375 0.4091666671875 0.447859375 0.40533455781249994 0.4421755515625 0.24535294218749998 0.4337931984375 0.2424791671875 0.435421875 0.2346875 0.43323437499999995 0.18985416718749998 0.446390625 0.17814583281250002 0.45809375 0.2220208328125 0.4734375 0.2268958328125 0.4643046875 0.2200625 0.45225
1 0.1620833328125 0.426171875 0.1657291671875 0.413203125 0.10187500000000001 0.41634374999999996 0.10133333281250001 0.41634374999999996 0.0982083328125 0.41753125 0.0934791671875 0.423421875 0.0730625 0.427734375 0.0667916671875 0.42067187500000003 0.0646875 0.41909375000000004 0.046375 0.42223437500000005 0.025416667187500002 0.423421875 0.021770832812499998 0.4293125 0.0280416671875 0.44540625 0.0275208328125 0.45482812499999997 0.035375000000000004 0.45640625 0.0427083328125 0.51059375 0.0453125 0.512546875 0.0458541671875 0.512546875 0.05108333281250001 0.5137343750000001 0.05160416718750001 0.507046875 0.0474166671875 0.47564062500000004 0.046375 0.467390625 0.05004166718750001 0.450125 0.16154166718750002 0.448546875 0.1594583328125 0.4406875 0.1620833328125 0.426171875
0 0.8360625 0.8407031249999999 0.8475416671874999 0.8407031249999999 0.8475416671874999 0.83160546875 0.8548802078125 0.83328125 0.86221875 0.825859375 0.8713177078125 0.8272929687499999 0.875625 0.842609375 0.8896666671875 0.8502656249999999 0.8935000000000001 0.813890625 0.8768958328125 0.8110156249999999 0.8695572921875 0.8184374999999999 0.8562421875 0.773685546875 0.8564791671875 0.7090625 0.8692500000000001 0.7152890625 0.8820208328125 0.713375 0.8858333328124999 0.6923125 0.8944047625 0.688899553125 0.899875 0.6939114578125001 0.8962281750000001 0.696740328125 0.899875 0.7031666671875 0.8980515875 0.7045811015625 0.899875 0.712421875 0.9445625 0.66646875 0.9662499999999999 0.67125 0.9802916671874999 0.727734375 0.9968958328124999 0.732515625 0.9879583328124999 0.69040625 0.9790208328125001 0.6683749999999999 0.9726458328125 0.66071875 0.9802916671874999 0.6530625 0.9968958328124999 0.6185937499999999 1 0.517125 0.9815625000000001 0.4931875 0.9445625 0.47595312500000003 0.8986041671875 0.486484375 0.8692500000000001 0.515203125 0.860625 0.5410546875 0.8615833328125 0.547765625 0.85775 0.549671875 0.8634067453125001 0.5556063984375 0.89258135 0.6810587796875 0.8564791671875 0.7009218749999999 0.8398958328124999 0.70859375 0.8411666671875 0.720078125 0.8540885421875 0.76602734375 0.8335000000000001 0.79953125 0.8360625 0.8407031249999999
1 0.5099583328125 1 0.5047291671874999 0.89671875 0.5015625 0.8235468750000001 0.5036666671875001 0.8227499999999999 0.5078750000000001 0.8188281249999999 0.5078750000000001 0.7598125 0.5666041671875 0.76059375 0.5833958328125 0.75509375 0.6180208328125001 0.74384375 0.6725625 0.739125 0.780625 0.72025 0.9295833328124999 0.67696875 0.9642083328125001 0.6494375 0.9725833328125001 0.620328125 0.9662916671874999 0.599078125 0.9400625 0.57940625 0.8928541671874999 0.558953125 0.8813333328124999 0.56525 0.8215208328125 0.573125 0.828875 0.5880625 0.8425 0.5833437499999999 0.8697916671874999 0.5880625 0.8802708328125 0.593578125 0.8865624999999999 0.602234375 0.882375 0.60459375 0.9558125000000001 0.6116718750000001 0.9694375000000001 0.61403125 0.9683958328125 0.621109375 0.9631458328125 0.625828125 0.9065 0.660453125 0.8949583328124999 0.6628125 0.75125 0.643921875 0.7481041671875001 0.6360625 0.7481041671875001 0.6305468750000001 0.6652291671875 0.664390625 0.5980833328124999 0.6698906250000001 0.5959791671875 0.634484375 0.5634583328125 0.63134375 0.5624166671874999 0.634484375 0.5592708328125 0.6415625 0.4900416671875 0.653375 0.47850000000000004 0.6455 0.46799999999999997 0.6706875 0.4690416671875 0.67540625 0.4795416671875 0.6698906250000001 0.5047291671874999 0.674609375 0.5152083328125 0.70215625 0.502625 0.710015625 0.4805833328125 0.71159375 0.47220833281249996 0.70765625 0.46799999999999997 0.6958593750000001 0.4648541671875 0.68484375 0.4617083328125 0.68484375 0.3738958328125 0.733625 0.3617916671875 0.733625 0.25466666718750003 0.7206718750000001 0.2512291671875 0.721203125 0.24072916718749998 0.720421875 0.2606666671875 0.735375 0.28375 0.7542500000000001 0.34420833281249996 0.7558281250000001 0.3735833328125 0.7668437499999999 0.40925 0.767625 0.4480625 0.7636875 0.45437500000000003 0.7951718750000001 0.4575208328125 0.8234843749999999 0.4617083328125 0.8250624999999999 0.4617083328125 0.829 0.46275000000000005 0.844734375 0.47010416718750003 0.9462187500000001 0.47220833281249996 1 0.5099583328125 1
0 0.22137500000000002 0.473609375 0.20495833281250003 0.471140625 0.1786875 0.462515625 0.1836041671875 0.45267187499999995 0.2181041671875 0.437890625 0.18525 0.40954687500000003 0.1671875 0.40831249999999997 0.16060416718749998 0.43910937499999997 0.1868958328125 0.5019375 0.1983958328125 0.506859375 0.22137500000000002 0.49946875 0.22137500000000002 0.473609375
0 0.0001736109375 0.5091145828125 0 0.5171875 0.0020833328125000002 0.521875 0.01875 0.51171875 0.02100039375 0.5075324296875 0.029166667187500002 0.5109375 0.0314137828125 0.5067413515625 0.32298873125 0.48459119531250006 0.5510416671875 0.475 0.55 0.4828125 0.5625 0.4921875 0.6416666671875 0.490625 0.6541666671875 0.475 0.6645833328124999 0.4375 0.6895833328125 0.41875 0.70625 0.415625 0.70625 0.4015625 0.7020833328125 0.4015625 0.6895833328125 0.390625 0.68125 0.3875 0.6583333328125 0.3890625 0.6458333328125 0.403125 0.6375 0.4 0.6166666671875001 0.4015625 0.6083333328125 0.409375 0.6083333328125 0.421875 0.6166666671875001 0.4296875 0.6291666671875 0.43125 0.6291666671875 0.4453125 0.6208333328125 0.45625 0.6145833328125 0.4609375 0.5625 0.4609375 0.5520833328125 0.4671875 0.33340212343750003 0.4838001171875 0.0297916671875 0.48656249999999995 0.03125 0.4296875 0.0270833328125 0.428125 0.0229166671875 0.4203125 0.0166666671875 0.41875 0.0020833328125000002 0.4203125 0.0003472234375 0.5010416671875 0.0105870015625 0.50832350625 0.0083333328125 0.5125 0.0041666671875 0.5125 0.0001736109375 0.5091145828125