-1 0.365867 0.571447 0.277516 0.235271
0 0.884703 0.813976 0.135656 0.337647
0 0.463414 0.623659 0.095672 0.202141
0 0.595984 0.518424 0.128344 0.113882
-1 0.599797 0.513341 0.142625 0.115906
1 0.595633 0.782424 0.559859 0.412188
-1 0.421719 0.840153 0.071625 0.078659
-1 0.493930 0.757718 0.032672 0.125835
-1 0.613320 0.948094 0.059453 0.098918
-1 0.644453 0.963141 0.054219 0.073718
-1 0.538516 0.715176 0.056469 0.022353
-1 0.403297 0.839635 0.057781 0.066988
-1 0.772234 0.808412 0.076906 0.038753
-1 0.777602 0.630847 0.011234 0.016941
-1 0.690445 0.992412 0.022297 0.015176
-1 0.534617 0.704388 0.062609 0.021247
-1 0.542055 0.568388 0.053234 0.031412
0 0.398438 0.900000 0.226813 0.177506
-1 0.674891 0.579541 0.067562 0.202659
-1 0.648484 0.759553 0.063906 0.203059
-1 0.720812 0.619153 0.048562 0.109224
-1 0.594031 0.634800 0.040625 0.082118
-1 0.656656 0.553694 0.017188 0.045976
-1 0.751836 0.605624 0.022734 0.074871
-1 0.711797 0.711859 0.031875 0.114824
-1 0.048070 0.476765 0.031641 0.051741
-1 0.083320 0.489318 0.011109 0.020612
-1 0.801258 0.705659 0.081297 0.040729
-1 0.789453 0.633506 0.022281 0.028282
0 0.756398 0.568294 0.088672 0.112353
0 0.348883 0.655847 0.191328 0.231318
-1 0.681000 0.547224 0.127062 0.349694
-1 0.656727 0.367788 0.017859 0.081741
-1 0.771719 0.797494 0.077781 0.034565