1 0.507490 0.745695 0.985020 0.485391
-1 0.468917 0.243969 0.536333 0.478656
-1 0.905583 0.259906 0.140375 0.189062
-1 0.095771 0.158891 0.112708 0.099312
-1 0.267198 0.680320 0.263729 0.191047
-1 0.648990 0.723055 0.234479 0.158422
-1 0.484615 0.534203 0.106688 0.060031
-1 0.399875 0.368914 0.139875 0.088234
-1 0.424385 0.868297 0.353187 0.263406
-1 0.815844 0.374906 0.130646 0.144687
-1 0.274156 0.513703 0.130812 0.160219
-1 0.850052 0.728359 0.216146 0.145594
0 0.960510 0.460719 0.078979 0.287125
-1 0.962146 0.244523 0.075708 0.148703
-1 0.605281 0.536781 0.076938 0.042469
-1 0.606062 0.535062 0.083125 0.046750
0 0.065969 0.375000 0.131937 0.236969
0 0.846906 0.409727 0.077729 0.260016