-1 0.130870 0.520547 0.171140 0.445200
-1 0.352350 0.627827 0.316580 0.401467
-1 0.097760 0.719093 0.175280 0.534827
-1 0.065030 0.385480 0.091700 0.119333
-1 0.044690 0.297840 0.088700 0.335520
-1 0.213560 0.368160 0.044640 0.093547
-1 0.608110 0.728600 0.266900 0.522533
-1 0.364020 0.897520 0.221280 0.184693
-1 0.242420 0.457987 0.082360 0.142213
-1 0.780520 0.731173 0.438960 0.537653
-1 0.582970 0.466773 0.145300 0.158880
0 0.173370 0.772907 0.084380 0.082187
1 0.047200 0.520320 0.045640 0.026347
1 0.058440 0.622080 0.116880 0.329867
-1 0.199830 0.931320 0.046260 0.137093
-1 0.475690 0.536187 0.183140 0.238560
-1 0.373200 0.366533 0.042520 0.155893