-1 0.785083 0.806133 0.142917 0.273734
-1 0.372375 0.839367 0.032417 0.192453
-1 0.340667 0.678844 0.045083 0.080531
-1 0.053740 0.694820 0.081896 0.221641
-1 0.305740 0.829078 0.098437 0.310969
-1 0.559323 0.879758 0.148813 0.225016
-1 0.565354 0.754453 0.389208 0.165125
-1 0.155802 0.451687 0.287646 0.516844
-1 0.247042 0.417281 0.329958 0.280719
-1 0.848583 0.491117 0.302833 0.580859
-1 0.293740 0.376938 0.114396 0.242625
-1 0.386073 0.377875 0.225437 0.227281
-1 0.712781 0.380539 0.096771 0.170328
-1 0.271698 0.346781 0.250312 0.304656
-1 0.067417 0.520969 0.128833 0.597750
-1 0.930115 0.881172 0.139770 0.057688
0 0.594323 0.418367 0.102396 0.070984
-1 0.752448 0.370508 0.217854 0.205109
-1 0.467427 0.488820 0.125771 0.024734
-1 0.346219 0.686086 0.226521 0.072953
-1 0.671969 0.846266 0.087938 0.025688
1 0.522167 0.589961 0.615250 0.174234
-1 0.424969 0.857633 0.114896 0.284328
-1 0.349146 0.825789 0.056542 0.218734
1 0.501646 0.797125 0.996708 0.380250