1 0.494398 0.555750 0.988796 0.881167
1 0.792977 0.129219 0.412922 0.253937
-1 0.119352 0.295417 0.235328 0.575625
-1 0.676898 0.214844 0.065203 0.138438
-1 0.173555 0.894490 0.173766 0.211020
-1 0.519945 0.526958 0.665734 0.496625
0 0.940945 0.283938 0.118109 0.165667
-1 0.336719 0.910063 0.172000 0.179874
-1 0.018305 0.735958 0.036609 0.274375
0 0.624680 0.141969 0.359453 0.283938
1 0.067492 0.061937 0.113672 0.123208
-1 0.346211 0.229437 0.482047 0.448500
-1 0.948320 0.687698 0.103359 0.187646