-1 0.562234 0.282156 0.119063 0.332104
0 0.860484 0.779802 0.279031 0.402146
0 0.828391 0.479521 0.198813 0.295250
0 0.590320 0.804729 0.545172 0.359125
1 0.638820 0.471760 0.285891 0.176479
-1 0.755047 0.311917 0.285875 0.188333
-1 0.086992 0.393573 0.074578 0.097229
-1 0.598227 0.505823 0.041609 0.049271
-1 0.937391 0.374927 0.011687 0.076437
-1 0.956141 0.276302 0.011187 0.081354
-1 0.947594 0.373302 0.013938 0.088521
-1 0.940523 0.271687 0.030984 0.091000
-1 0.966133 0.277906 0.010703 0.082312
-1 0.974492 0.282010 0.014172 0.078313
-1 0.976125 0.388083 0.047750 0.094375
-1 0.958930 0.475542 0.033453 0.085542
-1 0.938031 0.476542 0.013125 0.080917
-1 0.697469 0.414323 0.025156 0.037021
-1 0.744016 0.447260 0.025469 0.038854
-1 0.986023 0.280375 0.025641 0.084333
-1 0.960320 0.275479 0.010328 0.080625
-1 0.929094 0.469521 0.009906 0.078333
-1 0.581430 0.366958 0.034547 0.152792
-1 0.663312 0.503896 0.048688 0.041542
-1 0.533820 0.493219 0.041547 0.062187
-1 0.603867 0.589958 0.132641 0.063792