-1 0.593977 0.637024 0.292609 0.198047
0 0.144242 0.724471 0.100453 0.203482
1 0.231352 0.675188 0.168672 0.248353
-1 0.733453 0.871906 0.359625 0.233694
-1 0.907375 0.712376 0.184688 0.142212
-1 0.182422 0.631788 0.017219 0.008800
-1 0.465117 0.780129 0.018203 0.031882
-1 0.454203 0.759671 0.024438 0.020659
0 0.133195 0.627918 0.047141 0.049059
0 0.315312 0.602247 0.035469 0.064353
0 0.324344 0.684565 0.076344 0.182259
0 0.338406 0.599765 0.022375 0.048565
-1 0.471664 0.735800 0.016797 0.027506
-1 0.502102 0.776494 0.022297 0.035859
-1 0.483219 0.786024 0.022250 0.028329
-1 0.491453 0.749388 0.023438 0.036329
0 0.140477 0.619165 0.023547 0.055788
-1 0.587727 0.440847 0.023516 0.039435
-1 0.915406 0.536129 0.101750 0.159694