0 0.960165 0.701516 0.079670 0.202094
0 0.728742 0.492555 0.084784 0.091859
0 0.670155 0.446086 0.034825 0.110328
1 0.587825 0.587016 0.334082 0.066625
1 0.591062 0.485867 0.214165 0.114359
-1 0.541732 0.815914 0.200082 0.363078
-1 0.624907 0.774742 0.164495 0.313859
-1 0.525608 0.571422 0.105402 0.131094
-1 0.601093 0.567148 0.071505 0.113547
-1 0.090124 0.527930 0.067258 0.124078
-1 0.135485 0.520344 0.061773 0.118156
-1 0.523258 0.484500 0.065814 0.042969
-1 0.563546 0.487445 0.032495 0.045078
1 0.574773 0.387672 0.060144 0.005375
0 0.840206 0.605562 0.065856 0.124125
0 0.756814 0.555039 0.070124 0.136328
1 0.577825 0.393578 0.072928 0.012125
1 0.624000 0.690500 0.479216 0.143406
1 0.610505 0.822945 0.778990 0.334984
1 0.232969 0.716055 0.465938 0.493828
1 0.585000 0.420891 0.112804 0.024375
1 0.579392 0.404008 0.077381 0.009578
1 0.451330 0.424242 0.071526 0.041484