-1 0.034852 0.493509 0.069078 0.418099
-1 0.147148 0.565340 0.037766 0.068474
-1 0.388219 0.352312 0.096719 0.118991
-1 0.703930 0.597488 0.256234 0.270282
-1 0.092328 0.594624 0.176063 0.337653
-1 0.658031 0.515235 0.232406 0.110469
-1 0.154586 0.303251 0.056516 0.076596
-1 0.139320 0.416174 0.007609 0.060376
-1 0.179938 0.200540 0.024281 0.059812
0 0.390008 0.644261 0.266984 0.455235
0 0.818281 0.731256 0.174781 0.329178
0 0.091188 0.560563 0.171625 0.259812
0 0.917609 0.697512 0.146469 0.293427
1 0.976016 0.589073 0.047968 0.073357
-1 0.132109 0.193580 0.004063 0.062887
-1 0.145859 0.413333 0.006250 0.057418
-1 0.217703 0.434836 0.019469 0.021174
-1 0.509867 0.354671 0.003953 0.032347
-1 0.230109 0.312676 0.006063 0.062958
-1 0.492203 0.422735 0.004562 0.022840
-1 0.204930 0.317054 0.019891 0.051291
-1 0.158344 0.418897 0.009844 0.060892
-1 0.506437 0.352547 0.003719 0.030117
-1 0.501281 0.277676 0.005625 0.032254
0 0.301281 0.584859 0.124875 0.280469
-1 0.389539 0.643638 0.265109 0.453850