-1 0.694258 0.302289 0.061297 0.263779
-1 0.627375 0.276009 0.055656 0.248404
-1 0.556281 0.246244 0.057219 0.222347
0 0.905414 0.188439 0.189172 0.192230
1 0.500000 0.561819 1.000000 0.852840
-1 0.185547 0.656631 0.133781 0.341150
-1 0.682078 0.716854 0.128625 0.350563
-1 0.773594 0.322265 0.098625 0.276315
-1 0.873563 0.593779 0.150344 0.258122
-1 0.910234 0.576819 0.111000 0.206690
-1 0.910852 0.576420 0.066422 0.208333
-1 0.372016 0.475528 0.177469 0.181854
-1 0.750539 0.651103 0.327766 0.380141
-1 0.206984 0.562852 0.211438 0.203592
-1 0.549219 0.467711 0.197000 0.244390
-1 0.384367 0.485293 0.111984 0.114859
-1 0.492789 0.269906 0.077484 0.230845
-1 0.938797 0.674155 0.061531 0.090094
-1 0.950539 0.633040 0.074891 0.054906
0 0.211797 0.142864 0.261063 0.280516
-1 0.102391 0.680763 0.110625 0.239695