-1 0.491008 0.510117 0.838203 0.840453
-1 0.406219 0.356875 0.219156 0.224250
-1 0.421625 0.209742 0.212031 0.148266
-1 0.634672 0.287672 0.210531 0.197188
-1 0.578305 0.464422 0.230422 0.230437
-1 0.277523 0.382023 0.110109 0.197766
-1 0.712359 0.642695 0.238187 0.256172
-1 0.498875 0.653937 0.197750 0.224719
-1 0.293266 0.658297 0.231750 0.238563
-1 0.780070 0.445789 0.180453 0.220734
-1 0.220922 0.538820 0.178719 0.181453
-1 0.401789 0.530070 0.179047 0.167516
1 0.497766 0.490664 0.991062 0.977672
-1 0.497406 0.812336 0.220781 0.168828