1 0.500000 0.594379 0.995490 0.788758
-1 0.132508 0.060645 0.262533 0.121290
-1 0.938105 0.311683 0.123790 0.220621
-1 0.249044 0.189395 0.118219 0.205163
-1 0.142516 0.222958 0.127941 0.214379
-1 0.046944 0.262958 0.093888 0.244314
-1 0.594167 0.812663 0.269052 0.334085
-1 0.373039 0.535956 0.417974 0.240441
-1 0.641168 0.436356 0.339493 0.217908
-1 0.347737 0.160106 0.105245 0.192402
-1 0.520172 0.029167 0.042075 0.054641
-1 0.765172 0.726969 0.240441 0.397761
-1 0.607051 0.027484 0.039069 0.053105
1 0.568399 0.071070 0.348007 0.127206
-1 0.895564 0.619158 0.208872 0.345964
-1 0.452296 0.169624 0.130147 0.077745
0 0.675539 0.170703 0.211961 0.123922
0 0.821168 0.104632 0.125801 0.209264
-1 0.960923 0.539461 0.078154 0.313366