-1 0.606219 0.431031 0.252937 0.638719
-1 0.311273 0.450292 0.188766 0.593343
-1 0.092023 0.485390 0.173953 0.561811
-1 0.471445 0.906741 0.196641 0.141560
-1 0.695336 0.935543 0.037859 0.061616
-1 0.535727 0.774164 0.146234 0.110111
-1 0.210797 0.466323 0.022531 0.077437
-1 0.464898 0.529123 0.037484 0.068942
-1 0.441789 0.764234 0.067672 0.053983
-1 0.772078 0.946072 0.034031 0.080891
-1 0.609070 0.919067 0.038109 0.071783
-1 0.677227 0.814777 0.029078 0.043649
-1 0.650414 0.924847 0.037984 0.068134
-1 0.712688 0.825348 0.042719 0.049694
-1 0.626062 0.810557 0.039125 0.063120
0 0.194836 0.565557 0.052016 0.106323
0 0.189609 0.542201 0.047563 0.061783
0 0.185383 0.533398 0.052547 0.068858
0 0.185414 0.502242 0.045609 0.012897
-1 0.683094 0.788928 0.032531 0.044262
-1 0.656180 0.776546 0.017266 0.020390
-1 0.732695 0.939095 0.046453 0.077577
1 0.463844 0.530084 0.037000 0.067409
1 0.631570 0.688900 0.489422 0.185933
-1 0.420875 0.707716 0.064562 0.042228
-1 0.365445 0.854666 0.067203 0.094234
-1 0.646461 0.816337 0.032297 0.050111
1 0.213422 0.455780 0.032813 0.016184
1 0.289563 0.920195 0.229406 0.134652