-1 0.960640 0.140125 0.078080 0.280249
1 0.501700 0.497645 0.996600 0.971745
-1 0.251420 0.246967 0.149960 0.361413
-1 0.452670 0.191011 0.133060 0.368560
-1 0.645100 0.731330 0.094800 0.382438
-1 0.684750 0.701080 0.033820 0.283546
-1 0.699950 0.568740 0.216820 0.202465
-1 0.756070 0.490319 0.223900 0.209003
-1 0.430870 0.528393 0.241420 0.281496
-1 0.236630 0.635554 0.240660 0.272936
-1 0.406460 0.690914 0.084040 0.094903
-1 0.454300 0.693490 0.060520 0.103657
-1 0.517940 0.671039 0.110200 0.197867
-1 0.789980 0.790194 0.162120 0.185374