-1 0.889016 0.490812 0.221968 0.363000
-1 0.172859 0.866000 0.323656 0.268000
-1 0.673930 0.556104 0.005766 0.051667
-1 0.732719 0.563240 0.003406 0.056146
-1 0.381406 0.646135 0.036281 0.078229
-1 0.733937 0.492729 0.037156 0.060958
1 0.380742 0.776563 0.243547 0.257250
-1 0.486375 0.925510 0.062187 0.021271
-1 0.661438 0.817302 0.006844 0.053479
-1 0.727922 0.564479 0.005187 0.055333
-1 0.682453 0.620417 0.053125 0.068500
-1 0.681266 0.761917 0.007500 0.062083
-1 0.695422 0.837812 0.017438 0.063917
-1 0.699461 0.557187 0.007672 0.058708
-1 0.687461 0.688906 0.004359 0.050979
-1 0.677453 0.762708 0.054781 0.087292
-1 0.681641 0.829000 0.013531 0.056833
-1 0.751156 0.648385 0.003188 0.041979
-1 0.752805 0.568812 0.006859 0.063917