0 0.314726 0.718281 0.430678 0.537625
0 0.647057 0.611352 0.273414 0.401297
1 0.468457 0.730281 0.871182 0.504687
-1 0.191105 0.396289 0.307024 0.340047
-1 0.403228 0.554836 0.094902 0.038766
-1 0.632013 0.505672 0.072385 0.026969
-1 0.971116 0.557227 0.057768 0.300359
-1 0.511926 0.399477 0.166214 0.019609
-1 0.679081 0.405094 0.109759 0.025000
-1 0.510985 0.525867 0.041663 0.093266
-1 0.472976 0.586805 0.082888 0.026359
-1 0.511291 0.587148 0.067133 0.029922
-1 0.944792 0.373469 0.110416 0.081375
-1 0.700044 0.526977 0.102626 0.030359