-1 0.165320 0.502156 0.301609 0.974187
-1 0.531391 0.515917 0.443937 0.468625
-1 0.848836 0.473948 0.108203 0.203187
-1 0.937359 0.483010 0.125281 0.297479
-1 0.806828 0.364177 0.021781 0.053604
-1 0.036320 0.480094 0.072640 0.435396
-1 0.815617 0.763792 0.115641 0.229792
-1 0.489609 0.787635 0.294937 0.244937
-1 0.458859 0.348552 0.022250 0.089854
-1 0.291570 0.342698 0.168547 0.680896
0 0.955523 0.722198 0.088953 0.222188
0 0.872711 0.603167 0.098141 0.076208
1 0.768977 0.576813 0.123078 0.143083
1 0.500844 0.842698 0.998312 0.292146
1 0.520930 0.837302 0.461609 0.317229
-1 0.423375 0.370292 0.032719 0.037500
-1 0.819789 0.409135 0.055016 0.075312
-1 0.433422 0.651615 0.036562 0.122854
0 0.911391 0.431687 0.047438 0.060083
-1 0.623258 0.266708 0.326453 0.533416
-1 0.769641 0.333750 0.052031 0.138750