-1 0.446448 0.849437 0.521354 0.256188
-1 0.813771 0.245898 0.215875 0.081453
0 0.214719 0.404281 0.069062 0.225219
1 0.498115 0.763547 0.996229 0.444688
-1 0.555812 0.295125 0.596250 0.573031
-1 0.287646 0.360672 0.197750 0.357313
-1 0.706365 0.578172 0.077104 0.028156
-1 0.706698 0.549188 0.020604 0.026000
-1 0.951292 0.474688 0.097416 0.254625
-1 0.906979 0.277398 0.186042 0.195047
-1 0.086781 0.263641 0.173562 0.174344
-1 0.454646 0.632844 0.074208 0.078125
-1 0.439833 0.661039 0.027708 0.064922
-1 0.683490 0.607320 0.186271 0.046672
0 0.882156 0.465516 0.145354 0.162250
0 0.877375 0.359023 0.047375 0.029078
-1 0.543510 0.424180 0.026562 0.020859
-1 0.983708 0.638859 0.032583 0.186563
-1 0.624438 0.569305 0.015125 0.031078
1 0.899990 0.407867 0.124979 0.079172