-1 0.291876 0.505594 0.461513 0.889250
-1 0.754136 0.479820 0.431336 0.708516
-1 0.339293 0.303328 0.076031 0.108500
-1 0.389224 0.152594 0.096444 0.102625
-1 0.145845 0.101477 0.065717 0.070672
-1 0.622692 0.208102 0.020786 0.034578
-1 0.408929 0.217984 0.017819 0.028344
-1 0.430688 0.217812 0.017957 0.031187
-1 0.609804 0.202484 0.027780 0.044781
-1 0.723065 0.257773 0.030413 0.072766
-1 0.486493 0.184844 0.029921 0.041406
-1 0.899538 0.268289 0.032122 0.030828
-1 0.031415 0.209469 0.062829 0.308063
1 0.390599 0.207891 0.152200 0.056000
1 0.597967 0.222578 0.134519 0.016125