0 0.389039 0.722506 0.140172 0.302857
0 0.221852 0.615820 0.137516 0.299742
0 0.734898 0.352763 0.144672 0.373770
0 0.921289 0.780012 0.157422 0.269532
1 0.428203 0.547623 0.285188 0.161382
-1 0.370836 0.430632 0.161703 0.137939
-1 0.591477 0.519098 0.151422 0.233700
-1 0.713562 0.291487 0.170531 0.287002
-1 0.926547 0.585398 0.146906 0.334824
-1 0.228195 0.507881 0.119578 0.283255
-1 0.389820 0.639333 0.161922 0.249438
-1 0.306031 0.548607 0.027813 0.008454
-1 0.059969 0.247939 0.119938 0.307869
-1 0.336984 0.483548 0.019062 0.041897
0 0.596313 0.626124 0.138281 0.197963
0 0.055570 0.448864 0.106359 0.161194
-1 0.926805 0.233782 0.019141 0.052342