-1 0.634740 0.249672 0.257937 0.499344
1 0.501500 0.495508 0.997000 0.986516
-1 0.087240 0.092070 0.170729 0.183016
-1 0.418531 0.387078 0.053479 0.022625
-1 0.627542 0.746047 0.744916 0.383000
-1 0.381948 0.477344 0.303271 0.109594
-1 0.991594 0.380906 0.016812 0.014313
-1 0.139292 0.593328 0.274500 0.049219
-1 0.467833 0.507922 0.148167 0.092844
-1 0.166552 0.275062 0.333104 0.446313
-1 0.150646 0.487016 0.232042 0.023375
-1 0.937625 0.456406 0.124750 0.158500
-1 0.344823 0.461445 0.213354 0.077078