-1 0.416136 0.831609 0.105376 0.313971
-1 0.577418 0.850539 0.096765 0.277418
0 0.145980 0.549248 0.185294 0.233889
1 0.496634 0.820972 0.979771 0.321356
-1 0.558423 0.340449 0.640441 0.671912
-1 0.310114 0.747623 0.134837 0.251683
-1 0.753775 0.928570 0.100850 0.142010
-1 0.736176 0.965286 0.197320 0.069428
-1 0.484984 0.928685 0.088039 0.108578
-1 0.221217 0.909485 0.224918 0.181029
-1 0.227247 0.952688 0.204297 0.077010
-1 0.293415 0.313170 0.035392 0.098922
-1 0.320212 0.307614 0.056797 0.084706