-1 0.127220 0.670781 0.176600 0.658438
0 0.569320 0.848393 0.362360 0.286036
0 0.914860 0.862087 0.166840 0.254805
-1 0.108390 0.922042 0.211060 0.134895
-1 0.208780 0.158423 0.199040 0.114625
-1 0.159170 0.525435 0.012700 0.084324
-1 0.180070 0.271246 0.149500 0.108619
-1 0.199180 0.522327 0.012680 0.091081
-1 0.537100 0.482372 0.037200 0.043964
-1 0.094410 0.545120 0.188580 0.661231
-1 0.922160 0.582973 0.155680 0.335976
-1 0.895520 0.299910 0.020960 0.095616
-1 0.777580 0.295195 0.008200 0.099520
-1 0.777470 0.415315 0.017340 0.076997
-1 0.169890 0.526156 0.011820 0.080060
-1 0.864770 0.522207 0.014580 0.084354
-1 0.182820 0.521066 0.008160 0.089279
-1 0.788110 0.196081 0.007620 0.070541
0 0.107930 0.927838 0.215860 0.144324
-1 0.258140 0.396562 0.013040 0.085435
-1 0.202810 0.400450 0.191020 0.095616