-1 0.591570 0.543133 0.404500 0.880880
-1 0.723310 0.496627 0.553380 0.979760
-1 0.557120 0.581960 0.087800 0.064187
-1 0.297290 0.265107 0.308860 0.208347
-1 0.851120 0.203373 0.188760 0.406746
-1 0.724340 0.110347 0.065200 0.216853
-1 0.865270 0.384267 0.269460 0.258293
1 0.283150 0.842707 0.566300 0.310107
-1 0.341880 0.648053 0.142200 0.402613
0 0.149410 0.079427 0.087900 0.151067
0 0.049730 0.075587 0.097980 0.149200
-1 0.151370 0.104360 0.109660 0.110587
-1 0.832320 0.130613 0.082160 0.137333
1 0.837380 0.159013 0.070840 0.051627
1 0.517210 0.058413 0.120580 0.037147