-1 0.879695 0.516993 0.227578 0.536927
0 0.684180 0.865991 0.413984 0.247751
-1 0.498844 0.521258 0.076625 0.058463
-1 0.661195 0.443040 0.152328 0.149688
-1 0.959148 0.201459 0.027203 0.026882
-1 0.951109 0.190679 0.021531 0.024031
-1 0.154062 0.556303 0.241750 0.252249
-1 0.391648 0.381682 0.018453 0.036682
-1 0.462555 0.466192 0.047766 0.124009
-1 0.421297 0.328976 0.006281 0.015679
1 0.446563 0.742873 0.391500 0.514254
-1 0.939375 0.201192 0.013344 0.017840
-1 0.917445 0.203953 0.025484 0.019755
-1 0.909609 0.195969 0.036594 0.033942