-1 0.907225 0.050844 0.182646 0.100094
-1 0.710738 0.105375 0.138618 0.103219
-1 0.194450 0.480352 0.154848 0.138734
-1 0.273981 0.202234 0.259110 0.151000
-1 0.294098 0.853898 0.353911 0.084359
-1 0.845913 0.406992 0.174496 0.230422
-1 0.148290 0.280344 0.111194 0.319937
-1 0.732518 0.849562 0.237213 0.154156
-1 0.319895 0.349070 0.142178 0.092922
-1 0.059543 0.247219 0.119086 0.299687
-1 0.265995 0.245281 0.150679 0.160062
-1 0.856265 0.658016 0.231171 0.149531
1 0.499614 0.495086 0.999227 0.979328