-1 0.902359 0.425021 0.051562 0.086125
0 0.517437 0.822104 0.165781 0.332625
0 0.762906 0.815052 0.187094 0.311812
0 0.925758 0.810427 0.148484 0.330438
1 0.684484 0.726646 0.627563 0.380875
-1 0.076680 0.609740 0.109547 0.752812
-1 0.660805 0.562865 0.051484 0.057688
-1 0.557852 0.542833 0.031766 0.024250
-1 0.570664 0.540854 0.012984 0.015542
-1 0.783492 0.466094 0.089453 0.052521
-1 0.573992 0.490281 0.106484 0.019062
-1 0.487938 0.544125 0.035875 0.070625
-1 0.754500 0.552219 0.034781 0.070563
-1 0.687750 0.359354 0.012031 0.026625
-1 0.752500 0.364365 0.012344 0.023896
-1 0.565445 0.560750 0.073203 0.061292
-1 0.771148 0.244823 0.038203 0.031896
-1 0.812242 0.248344 0.037734 0.024396
-1 0.767227 0.295948 0.031391 0.019312
-1 0.804273 0.301250 0.037641 0.028417
-1 0.549172 0.546490 0.016969 0.013854
-1 0.585570 0.550469 0.017953 0.013688
-1 0.674719 0.358479 0.012781 0.034042
-1 0.696547 0.185938 0.056250 0.019750
-1 0.447844 0.181219 0.031625 0.013229
-1 0.779328 0.193375 0.057906 0.018167
-1 0.395969 0.179844 0.027969 0.012979
-1 0.659875 0.555604 0.152875 0.046708
-1 0.693977 0.524052 0.088203 0.035813