0 0.189500 0.884354 0.118313 0.205875
-1 0.359836 0.765625 0.338766 0.467417
-1 0.718352 0.654125 0.307297 0.451750
-1 0.675000 0.407687 0.413750 0.815374
-1 0.300672 0.296167 0.243250 0.590083
-1 0.782969 0.129667 0.141750 0.250542
-1 0.960250 0.299292 0.079500 0.068917
-1 0.971930 0.045281 0.056140 0.090562
-1 0.961562 0.479312 0.062594 0.207875
-1 0.931180 0.468969 0.052234 0.215729
-1 0.982570 0.486479 0.034859 0.198417
-1 0.443695 0.873854 0.102641 0.138000
1 0.569664 0.923594 0.296641 0.130354
-1 0.909312 0.893042 0.181375 0.213916