0 0.355547 0.722417 0.017719 0.073167
0 0.455031 0.722708 0.040125 0.083417
0 0.314156 0.723146 0.020313 0.083208
0 0.277844 0.727792 0.057875 0.105750
-1 0.505609 0.488771 0.414594 0.973042
-1 0.921344 0.497750 0.157312 0.982000
-1 0.091844 0.718500 0.042375 0.145583
-1 0.398109 0.692750 0.049406 0.071250
0 0.496156 0.725812 0.025625 0.089125
0 0.149094 0.730958 0.043688 0.089583
0 0.401344 0.720750 0.040875 0.081333
0 0.506047 0.715562 0.024719 0.070125
-1 0.097063 0.388813 0.070813 0.095292
-1 0.637000 0.705187 0.264937 0.418208
0 0.057516 0.725208 0.048656 0.091750
0 0.333281 0.724062 0.017875 0.083708
1 0.274813 0.698750 0.037312 0.012417
1 0.072563 0.702375 0.040375 0.011000
1 0.379844 0.694688 0.035063 0.014375
1 0.159250 0.699167 0.019062 0.007750
1 0.010078 0.713292 0.020156 0.034250
0 0.346344 0.723688 0.010187 0.064292