-1 0.437836 0.306273 0.140953 0.183855
-1 0.810070 0.621893 0.057891 0.048879
-1 0.217883 0.821507 0.430016 0.331192
-1 0.875992 0.780257 0.248016 0.420607
-1 0.522430 0.234428 0.028484 0.048808
-1 0.899414 0.413376 0.027203 0.042453
-1 0.953320 0.430841 0.006953 0.033972
-1 0.928648 0.423189 0.003578 0.033715
-1 0.715570 0.538925 0.033016 0.058364
-1 0.728430 0.652850 0.026266 0.061636
-1 0.757977 0.680900 0.021953 0.025818
0 0.779578 0.505537 0.058469 0.145140
1 0.703383 0.768224 0.208016 0.318879
-1 0.924188 0.420386 0.006531 0.036612
-1 0.918234 0.418026 0.009250 0.038855
-1 0.892891 0.510514 0.031406 0.052991
-1 0.827383 0.433271 0.034297 0.039626
-1 0.787281 0.422886 0.029000 0.037033
-1 0.902391 0.449439 0.016906 0.012056
-1 0.921336 0.473902 0.007891 0.031729
-1 0.930023 0.476157 0.009547 0.029229
-1 0.934203 0.425105 0.003500 0.032266
-1 0.937227 0.425432 0.004641 0.032640
-1 0.951813 0.424159 0.009219 0.045000
-1 0.887578 0.455467 0.007750 0.042897
-1 0.897437 0.664451 0.164719 0.251005