-1 0.636297 0.252069 0.182469 0.396694
0 0.199422 0.547417 0.333375 0.905166
0 0.034078 0.069083 0.068156 0.134611
-1 0.441305 0.243847 0.168859 0.310194
-1 0.560602 0.573194 0.059547 0.078833
-1 0.482219 0.485139 0.172063 0.180556
-1 0.901656 0.367667 0.088656 0.082222
-1 0.424672 0.657528 0.165000 0.281056
-1 0.948617 0.321583 0.014859 0.063667
-1 0.333422 0.046528 0.015125 0.033944
-1 0.810883 0.105236 0.122609 0.197750
-1 0.947711 0.175153 0.104359 0.318861
-1 0.339945 0.330028 0.026953 0.023056
-1 0.105984 0.065694 0.041625 0.008722
-1 0.421914 0.665889 0.160266 0.255500