0 0.179875 0.805673 0.170000 0.388654
0 0.935391 0.715787 0.129218 0.223959
-1 0.811406 0.534619 0.286406 0.172792
1 0.231039 0.592944 0.317234 0.225888
-1 0.362695 0.696827 0.177578 0.318020
-1 0.075023 0.362830 0.025453 0.090990
-1 0.083414 0.252195 0.007766 0.052310
-1 0.072336 0.180838 0.004234 0.048680
-1 0.128914 0.261282 0.009047 0.043122
-1 0.178563 0.210990 0.019031 0.043858
-1 0.131898 0.262944 0.009578 0.046396
-1 0.186180 0.268947 0.009922 0.042462
-1 0.070813 0.425165 0.004219 0.043376
-1 0.152852 0.430190 0.010672 0.056066
-1 0.097664 0.353921 0.019141 0.075863
-1 0.318750 0.499010 0.014219 0.022030
-1 0.305367 0.502437 0.012734 0.017360
-1 0.293953 0.499594 0.014063 0.021320
0 0.167883 0.539404 0.036703 0.050482
0 0.096266 0.706713 0.057344 0.306269
0 0.368664 0.524619 0.081359 0.164924
-1 0.262992 0.398820 0.099922 0.211294
-1 0.056617 0.419353 0.003391 0.027132
-1 0.427500 0.418198 0.015125 0.037157
-1 0.080016 0.492221 0.007000 0.051853
-1 0.096617 0.439201 0.046172 0.023325
-1 0.637070 0.424137 0.018016 0.032995
0 0.221344 0.501561 0.026937 0.033731