0 0.096813 0.517860 0.175707 0.136960
-1 0.451680 0.459560 0.158720 0.158920
-1 0.335440 0.650120 0.087360 0.073600
-1 0.559947 0.644330 0.103787 0.073740
-1 0.322240 0.555890 0.112960 0.059300
-1 0.511347 0.485920 0.085253 0.063320
-1 0.067493 0.638100 0.073760 0.038640
-1 0.267067 0.754190 0.163253 0.142100
-1 0.623480 0.794690 0.076400 0.109140
-1 0.712720 0.798050 0.160373 0.112580
-1 0.158653 0.636060 0.099387 0.062120
-1 0.229440 0.723340 0.186347 0.115800
-1 0.462547 0.705080 0.093147 0.111120
-1 0.538960 0.823090 0.096640 0.168100
-1 0.788613 0.794930 0.214720 0.167860
-1 0.680240 0.819570 0.072267 0.100020
-1 0.598267 0.840670 0.087307 0.133700
-1 0.474427 0.748900 0.064533 0.101960
-1 0.233267 0.600230 0.073253 0.044580
1 0.482067 0.779470 0.964133 0.441060
-1 0.829347 0.569600 0.341306 0.545600
-1 0.615547 0.403710 0.186933 0.193820
-1 0.894440 0.928580 0.099013 0.081760
-1 0.470800 0.637450 0.133973 0.078820
-1 0.109400 0.603700 0.053627 0.038440
-1 0.397347 0.712990 0.109040 0.119540
-1 0.410227 0.612700 0.090960 0.076440