-1 0.872781 0.280480 0.141813 0.165316
-1 0.698672 0.220222 0.371812 0.435948
-1 0.553148 0.363279 0.086922 0.147822
-1 0.751555 0.555644 0.100703 0.288056
0 0.600898 0.769438 0.069172 0.434145
0 0.146258 0.791042 0.148422 0.390937
0 0.305672 0.570304 0.046719 0.093396
1 0.361070 0.785890 0.489797 0.404707
-1 0.953750 0.580749 0.092500 0.812084
-1 0.359945 0.236429 0.027266 0.063021
-1 0.791930 0.715656 0.090328 0.085504
-1 0.879953 0.711206 0.091250 0.071405
-1 0.359891 0.637389 0.055594 0.141897
-1 0.780180 0.710316 0.024984 0.022974
-1 0.807703 0.712775 0.026969 0.026393
-1 0.357852 0.540258 0.143828 0.327260
-1 0.414492 0.610761 0.069984 0.046112
-1 0.878008 0.710059 0.022703 0.015059
-1 0.896492 0.705773 0.022609 0.022459