0 0.211633 0.826885 0.124828 0.346230
0 0.173023 0.519333 0.128078 0.225597
0 0.854922 0.391183 0.090812 0.157635
1 0.839875 0.762354 0.320250 0.447049
-1 0.264234 0.295211 0.070219 0.130749
-1 0.405562 0.638197 0.403313 0.723606
-1 0.894094 0.346440 0.096844 0.247588
1 0.132094 0.518115 0.264188 0.306487
-1 0.661422 0.729789 0.057625 0.095082
1 0.510703 0.403302 0.092812 0.142201
-1 0.477500 0.562178 0.165781 0.168150
-1 0.543250 0.681557 0.142875 0.084707
0 0.857359 0.583279 0.089906 0.072131
-1 0.762914 0.416440 0.086547 0.282670
-1 0.565773 0.759742 0.039203 0.009789
-1 0.690352 0.650539 0.030797 0.067775
-1 0.518055 0.286885 0.063359 0.129977
-1 0.032836 0.319742 0.042672 0.129321
-1 0.175555 0.361475 0.031203 0.060047
-1 0.365617 0.249590 0.019297 0.055480
-1 0.618539 0.541674 0.149422 0.263021
-1 0.330656 0.293349 0.091281 0.065574
-1 0.104875 0.323735 0.107406 0.146440
-1 0.941484 0.275304 0.054312 0.076979
0 0.500789 0.296475 0.004391 0.007939