-1 0.906953 0.154334 0.104000 0.249089
-1 0.727836 0.212126 0.229516 0.271402
-1 0.369016 0.502255 0.735031 0.991005
-1 0.811836 0.538762 0.376328 0.896636
-1 0.350281 0.086682 0.122562 0.149579
0 0.209641 0.728084 0.329125 0.521355
0 0.584969 0.575164 0.179531 0.425047
0 0.323102 0.388762 0.141266 0.242710
0 0.241203 0.240456 0.112719 0.166285
0 0.410766 0.354252 0.148562 0.243411
0 0.582234 0.274007 0.070250 0.096285
0 0.498695 0.456028 0.079984 0.093131
0 0.211875 0.433540 0.149094 0.239229
0 0.328391 0.222044 0.093875 0.150911
0 0.074680 0.779042 0.149266 0.441916
0 0.645234 0.261717 0.095781 0.151051
0 0.665281 0.548785 0.186656 0.413131
0 0.161117 0.248516 0.107391 0.168762
-1 0.561187 0.287815 0.090656 0.138481
-1 0.583430 0.128505 0.142547 0.203364