-1 0.433797 0.544666 0.059875 0.050286
-1 0.317961 0.402566 0.046328 0.065274
-1 0.167789 0.685859 0.066609 0.091098
0 0.838719 0.804988 0.322562 0.390024
-1 0.827508 0.568449 0.339797 0.823246
-1 0.542828 0.222745 0.250031 0.421289
-1 0.184641 0.541575 0.316312 0.894368
-1 0.336133 0.175728 0.183078 0.351456
-1 0.671617 0.456432 0.048172 0.078449
-1 0.331766 0.566026 0.055219 0.078544
-1 0.436750 0.447864 0.043750 0.077542
-1 0.665625 0.581110 0.026656 0.062601
-1 0.584617 0.465263 0.023547 0.065084
-1 0.656359 0.730525 0.042250 0.053556
-1 0.046344 0.167411 0.089750 0.276396
-1 0.253648 0.065155 0.155297 0.130310
-1 0.643688 0.535179 0.073750 0.021623
-1 0.188320 0.622804 0.032547 0.042172
0 0.358242 0.921348 0.381047 0.134821
1 0.395750 0.678652 0.670875 0.642696
1 0.238336 0.161790 0.153016 0.202243
1 0.153602 0.051468 0.169922 0.082936
-1 0.530484 0.808043 0.088156 0.120525
-1 0.204797 0.210179 0.016281 0.045227
-1 0.236961 0.153652 0.022953 0.033938
-1 0.195250 0.146897 0.016781 0.042530
-1 0.352187 0.422005 0.042812 0.047685
-1 0.210922 0.648640 0.036125 0.044010
-1 0.656875 0.776539 0.045406 0.055943
-1 0.167461 0.671909 0.063484 0.061146
-1 0.613750 0.731372 0.055094 0.089570
0 0.404109 0.234749 0.197563 0.314033
0 0.078148 0.648091 0.156296 0.703818
0 0.664789 0.292876 0.106766 0.266563
-1 0.358531 0.594320 0.019344 0.021766
-1 0.483406 0.540716 0.028469 0.055513
-1 0.351398 0.678747 0.044672 0.085036
-1 0.463914 0.513580 0.040922 0.073126
-1 0.313766 0.712637 0.040500 0.053055
-1 0.296227 0.701850 0.048734 0.068998