-1 0.912641 0.813490 0.096062 0.220229
-1 0.721078 0.479406 0.068781 0.127187
-1 0.281383 0.458188 0.015453 0.069750
-1 0.256758 0.467229 0.033078 0.069208
-1 0.237094 0.744083 0.470969 0.511833
0 0.548891 0.555740 0.243219 0.331188
-1 0.228227 0.474802 0.017609 0.075813
-1 0.216453 0.474635 0.011531 0.075771
-1 0.303195 0.451271 0.013734 0.065708
-1 0.292984 0.455052 0.014594 0.067729
-1 0.257766 0.469104 0.032031 0.065833
-1 0.213789 0.371969 0.128297 0.169354
-1 0.205820 0.479104 0.020203 0.073542
-1 0.895953 0.883344 0.061687 0.075521
-1 0.915117 0.809917 0.054828 0.057333