-1 0.727406 0.919969 0.213229 0.159938
1 0.788292 0.629508 0.423416 0.398641
-1 0.070417 0.500156 0.134833 0.226969
-1 0.778781 0.478570 0.135937 0.075766
-1 0.166156 0.720070 0.044646 0.079672
0 0.327562 0.496391 0.086083 0.068500
-1 0.175167 0.719352 0.052333 0.078016
-1 0.119792 0.832563 0.023333 0.079594
-1 0.132135 0.726742 0.026354 0.084266
-1 0.295208 0.693234 0.108125 0.073594
-1 0.793104 0.416875 0.051417 0.028500
-1 0.852208 0.430758 0.043167 0.019078
-1 0.104719 0.736563 0.027771 0.089656
-1 0.145365 0.725070 0.031896 0.081078
-1 0.180708 0.715297 0.052625 0.071375
-1 0.197073 0.711164 0.068521 0.074266
-1 0.133594 0.829664 0.028479 0.083453
-1 0.125313 0.830063 0.028375 0.085656