-1 0.180383 0.642531 0.024953 0.086104
0 0.244242 0.609812 0.105234 0.069375
1 0.518820 0.661177 0.638828 0.268229
-1 0.821625 0.595500 0.227531 0.260667
-1 0.710320 0.489365 0.069484 0.115312
-1 0.857437 0.492417 0.083094 0.128917
-1 0.946000 0.528562 0.108000 0.197583
-1 0.446133 0.517510 0.202047 0.170771
-1 0.520039 0.492344 0.064609 0.078688
0 0.120805 0.921917 0.241609 0.129750
0 0.337109 0.576354 0.050531 0.068375
0 0.442625 0.559646 0.050031 0.050417
0 0.129508 0.752292 0.147922 0.283625
0 0.955812 0.639385 0.088031 0.117396
0 0.911656 0.534646 0.030219 0.048542
-1 0.014867 0.078073 0.028078 0.113979
-1 0.545914 0.538917 0.097578 0.071417
-1 0.445805 0.569688 0.114359 0.084333
-1 0.678422 0.522917 0.088219 0.061083
0 0.960883 0.708167 0.078047 0.078167
0 0.489859 0.506052 0.014219 0.019688
-1 0.887195 0.551990 0.021609 0.065729
-1 0.350461 0.693229 0.036141 0.096375
-1 0.589391 0.516094 0.017469 0.055104
-1 0.672461 0.602375 0.082672 0.122583
-1 0.823883 0.520667 0.016078 0.041250
-1 0.690266 0.672865 0.020438 0.016271