0 0.594031 0.234594 0.112781 0.226437
0 0.335305 0.076812 0.074922 0.087000
0 0.873875 0.240885 0.116281 0.240437
0 0.497461 0.189198 0.113172 0.313063
0 0.606656 0.081854 0.098250 0.103250
0 0.703547 0.078823 0.092906 0.099104
0 0.796375 0.085542 0.095625 0.106750
0 0.686516 0.237583 0.086344 0.223458
0 0.404531 0.234510 0.106062 0.226938
0 0.311781 0.232115 0.104062 0.228771
-1 0.206547 0.476865 0.240406 0.841979
-1 0.194898 0.647823 0.114547 0.285646
0 0.886516 0.087646 0.091000 0.098875
-1 0.517461 0.585635 0.034547 0.042104
0 0.162367 0.072021 0.092578 0.092042