-1 0.511979 0.423273 0.040500 0.066609
1 0.498031 0.700352 0.996062 0.569734
-1 0.424302 0.339969 0.660854 0.678625
-1 0.543563 0.422969 0.023208 0.045875
-1 0.421885 0.411930 0.044646 0.077266
-1 0.635427 0.635617 0.190812 0.129609
-1 0.558802 0.871914 0.320604 0.188766
-1 0.878698 0.604242 0.207146 0.095141
-1 0.857302 0.865734 0.170854 0.182906
-1 0.634073 0.632086 0.194229 0.120641
-1 0.485969 0.630906 0.122771 0.100437
-1 0.782281 0.529281 0.435437 0.853594
-1 0.629302 0.899844 0.075646 0.071406
-1 0.413792 0.962539 0.106500 0.073203
-1 0.308094 0.923516 0.128104 0.062281
-1 0.223229 0.902164 0.109542 0.076297
-1 0.140604 0.857469 0.125625 0.057437
-1 0.335490 0.874047 0.102646 0.068594
-1 0.512552 0.980852 0.125146 0.038296
-1 0.766365 0.933828 0.197979 0.132344
-1 0.051562 0.532555 0.103124 0.407859
-1 0.560177 0.421773 0.010563 0.027203
-1 0.770563 0.927273 0.204333 0.114297
-1 0.894177 0.715797 0.197188 0.147875
-1 0.034438 0.767203 0.068875 0.099656