-1 0.894469 0.354989 0.075250 0.257399
-1 0.640391 0.378742 0.085781 0.280384
-1 0.707977 0.271130 0.048203 0.114925
-1 0.755797 0.270085 0.051125 0.114925
-1 0.513039 0.489659 0.081047 0.348529
-1 0.256492 0.488539 0.046859 0.240149
1 0.474273 0.564051 0.948546 0.844947
-1 0.400906 0.094840 0.230031 0.189680
-1 0.287898 0.072388 0.044797 0.117228
-1 0.600602 0.603198 0.079734 0.151471
-1 0.835367 0.479851 0.066672 0.121322
-1 0.592898 0.343870 0.042203 0.090512
-1 0.828766 0.390789 0.060750 0.055267
-1 0.508719 0.120021 0.038375 0.075778
-1 0.932688 0.161823 0.017094 0.029616
-1 0.979102 0.167740 0.041796 0.053774
-1 0.842547 0.085554 0.124625 0.169318
-1 0.269914 0.108252 0.084953 0.158550