-1 0.306398 0.280865 0.087172 0.162545
-1 0.588055 0.251031 0.085016 0.138448
0 0.476062 0.577430 0.167719 0.341934
-1 0.502750 0.255636 0.077625 0.134682
-1 0.656938 0.363092 0.112406 0.161756
-1 0.593094 0.384262 0.014656 0.020789
-1 0.528273 0.371934 0.094047 0.057761
-1 0.394266 0.893957 0.164844 0.181196
-1 0.951063 0.669402 0.092875 0.262519
-1 0.231398 0.503791 0.027078 0.093028
-1 0.428844 0.292952 0.011875 0.055623
-1 0.439977 0.286170 0.011859 0.065471
-1 0.753008 0.417430 0.021078 0.081578
-1 0.772500 0.393575 0.023688 0.092952
-1 0.919391 0.323397 0.084562 0.159313
-1 0.341727 0.367977 0.062609 0.059364
-1 0.657977 0.405534 0.075391 0.050814
-1 0.390797 0.360636 0.045156 0.035216
-1 0.389867 0.343117 0.037391 0.037634
-1 0.869039 0.283282 0.026578 0.115064
-1 0.205750 0.550127 0.031438 0.094504
-1 0.732437 0.395356 0.027937 0.088779
-1 0.718320 0.444377 0.036703 0.068295
-1 0.768250 0.395305 0.035563 0.085165
-1 0.751078 0.428753 0.024688 0.066768
-1 0.466086 0.369873 0.006641 0.016692
-1 0.222875 0.340980 0.037906 0.027863
-1 0.221156 0.379618 0.037312 0.016387