-1 0.562258 0.161292 0.035172 0.142000
-1 0.821070 0.191042 0.055359 0.137292
0 0.078375 0.693927 0.153375 0.192354
1 0.486625 0.719979 0.973250 0.535875
-1 0.205945 0.378385 0.411890 0.756770
-1 0.401125 0.275281 0.246062 0.550562
-1 0.946922 0.916135 0.106156 0.167729
-1 0.922695 0.221156 0.030266 0.111104
-1 0.789266 0.218583 0.014500 0.068667
-1 0.710398 0.560677 0.214047 0.105604
-1 0.602359 0.627104 0.198437 0.105833
-1 0.889687 0.499802 0.088188 0.209146
-1 0.322156 0.110667 0.015094 0.040583