-1 0.781438 0.482132 0.351863 0.160441
-1 0.767443 0.551740 0.337206 0.154069
-1 0.813325 0.450866 0.352271 0.143268
-1 0.398627 0.446503 0.578529 0.198562
-1 0.685882 0.802353 0.327059 0.225882
-1 0.709902 0.841985 0.349052 0.257075
-1 0.256471 0.627059 0.390588 0.402353
-1 0.333725 0.067222 0.516503 0.113203
-1 0.381250 0.229910 0.523056 0.124395
-1 0.380221 0.280809 0.576912 0.140735
-1 0.893497 0.171413 0.114346 0.154722
-1 0.361340 0.114216 0.537810 0.106471
0 0.505196 0.510392 0.989608 0.974020
-1 0.763717 0.602721 0.305605 0.152239
-1 0.374346 0.163211 0.556993 0.124363