-1 0.596719 0.898372 0.146937 0.106862
0 0.085898 0.476815 0.074109 0.123044
-1 0.624266 0.500574 0.462375 0.981944
-1 0.162680 0.428091 0.163422 0.366300
-1 0.089703 0.323700 0.047188 0.110773
-1 0.338086 0.929707 0.172422 0.134824
-1 0.323102 0.711230 0.427297 0.451686
0 0.416055 0.548314 0.100453 0.211241
0 0.262195 0.528419 0.159734 0.189906
0 0.039961 0.610679 0.079922 0.265621
1 0.352219 0.430550 0.219250 0.045550
1 0.698820 0.474028 0.553672 0.106511
1 0.253211 0.410234 0.115953 0.051569
1 0.059844 0.400410 0.061844 0.047471
0 0.857312 0.800386 0.127906 0.362693