0 0.866219 0.478056 0.101281 0.144075
0 0.724031 0.471768 0.114094 0.147611
0 0.540438 0.433852 0.038062 0.119274
-1 0.628953 0.521347 0.178406 0.548314
-1 0.230367 0.591464 0.198516 0.387892
-1 0.864398 0.414379 0.101672 0.303185
-1 0.090086 0.550492 0.170922 0.443091
-1 0.721281 0.402026 0.111187 0.286019
-1 0.597969 0.234906 0.078031 0.165972
-1 0.328898 0.302178 0.311359 0.252927
-1 0.803195 0.278068 0.305828 0.206019
-1 0.576922 0.433700 0.072656 0.254098
-1 0.787320 0.379485 0.023484 0.033864
-1 0.829805 0.525363 0.014984 0.045621
-1 0.050234 0.272623 0.100468 0.274192
-1 0.055945 0.376850 0.111890 0.191920
-1 0.564250 0.521276 0.060875 0.071358
-1 0.355664 0.519297 0.064234 0.112506