0 0.899703 0.703235 0.099969 0.210753
0 0.812852 0.644976 0.075766 0.167788
0 0.972227 0.715188 0.055546 0.212447
0 0.912430 0.591400 0.077016 0.049576
1 0.874938 0.678718 0.190562 0.174188
-1 0.856641 0.566612 0.070031 0.069788
-1 0.278469 0.774376 0.258562 0.162588
-1 0.264727 0.468471 0.338016 0.295059
-1 0.903164 0.488471 0.017359 0.027482
-1 0.069180 0.684847 0.018672 0.052282
0 0.985297 0.597847 0.029406 0.037859
-1 0.059953 0.758859 0.044188 0.039082
-1 0.950602 0.489188 0.018984 0.030706
-1 0.937133 0.484882 0.009922 0.028071
-1 0.993156 0.488859 0.013656 0.033953
-1 0.043508 0.733024 0.011422 0.025953
-1 0.046852 0.707518 0.015609 0.049388
-1 0.033758 0.723282 0.010766 0.034376
-1 0.563047 0.802447 0.179594 0.395106
0 0.852828 0.572341 0.056656 0.073765
-1 0.886992 0.485388 0.017547 0.037082